4 1 2147483647 16711935 0 1
4 1 2013231103 394231807 0 1
1 1 65811 4294967295 0 1
0 1 1 4294967295 0 1
5 0 4294967295 4294967295 0 1
3 1 394231807 288559411 0 1
0 1 1 4294967295 0 1
3 1 54476799 4294967295 0 1
0 1 1 4294967295 0 1
1 1 65813 6226015 0 0
0 0 1 4294967295 0 1
0 1 1 1 3 1
3 1 353730431 65813 0 1
3 1 360666623 4294967295 0 1
5 0 4294967295 2147483647 0 1
3 1 394215423 4294967295 0 1
2 1 17110879 16383 0 1
2 1 17895697 4294967295 0 1
0 1 1 4294967295 0 1
2 1 95 4294967295 0 1
4 1 1431699455 4294967295 0 1
3 1 8323327 1 0 0
2 1 18290559 4294967295 0 1
4 1 2147483647 18158933 0 0
4 0 858993459 252645135 0 0
4 0 16711935 1 0 1
3 1 390029311 4294967295 0 1
5 0 4294967295 394231807 0 1
0 1 1 4294967295 0 1
3 1 5592405 4294967295 0 1
1 1 275 1376341 0 0
2 1 16843523 1061158911 0 1
3 1 393707519 4294967295 0 1
1 1 263 4294967295 0 1
0 1 1 4294967295 0 1
5 0 4294967295 4294967295 0 1
3 0 24415 4294967295 0 1
2 1 85 1 0 1
2 1 1799 1 2 1
2 1 16974595 4294967295 0 1
1 1 65557 1 3 1
4 1 2147483647 4294967295 0 0
3 1 125796351 1 0 1
3 1 393707519 2147483647 0 1
5 0 4294967295 4294967295 0 1
0 1 1 118427407 0 1
0 1 1 1073741823 0 1
4 0 2139095039 1 0 1
2 1 1376277 4294967295 0 1
5 0 4294967295 4294967295 0 1
3 1 24415 4294967295 0 1
3 1 50544447 4294967295 0 1
0 1 1 394231807 1 1
5 0 4294967295 65795 0 1
3 1 322142207 1507455 0 1
2 1 16974595 17 0 1
0 1 1 4294967295 0 1
2 0 51 4294967295 0 0
5 0 4294967295 4294967295 0 1
0 1 1 1 5 1
0 1 1 1 5 1
4 1 1431655765 2147483647 0 1
5 0 4294967295 4294967295 0 1
0 1 1 65555 1 1
0 1 1 1 2 1
0 1 1 4294967295 0 1
1 1 23 1431655765 0 1
5 0 4294967295 4294967295 0 1
1 1 5 4294967295 0 1
1 1 277 4294967295 0 1
4 1 252645135 394231807 0 0
4 1 2147483647 4294967295 0 1
3 1 322122547 4294967295 0 1
0 1 1 4294967295 0 1
4 1 2147483647 4294967295 0 1
2 1 1376341 1 0 1
0 1 1 4294967295 0 1
2 1 17892693 1 2 1
1 1 65811 4294967295 0 0
1 1 273 4294967295 0 1
2 1 17240439 4471 1 1
1 0 259 987135 0 1
5 0 4294967295 65535 0 1
1 1 261 18159487 1 1
1 1 23 4294967295 0 1
4 1 2147483647 4294967295 0 1
4 1 1073692671 4294967295 0 1
3 1 6250495 4294967295 0 1
2 1 771 1431655765 0 1
5 0 4294967295 118427407 0 1
2 1 17237775 4294967295 0 1
4 1 2147483647 357924863 0 0
2 1 1250175 4294967295 0 1
3 1 394231807 4294967295 0 1
4 1 2147483647 4294967295 0 1
0 1 1 4294967295 0 1
3 1 327122943 4294967295 0 1
1 1 65797 1 4 1
5 0 4294967295 4294967295 0 1
1 1 7 16711935 0 1
2 1 819 4294967295 0 1
2 1 18022675 4294967295 0 1
5 0 4294967295 4294967295 0 1
0 1 1 4294967295 0 1
3 1 286357367 4294967295 0 0
4 1 1061109567 394231807 0 1
1 1 7 4294967295 0 1
3 1 394231807 4294967295 0 1
2 0 6015 65541 0 1
2 1 63 4294967295 0 1
1 1 65811 1 3 1
2 1 18158463 4294967295 0 0
5 0 4294967295 4294967295 0 1
1 1 65809 3342591 0 1
1 1 65557 4294967295 0 1
1 1 17 4294967295 0 1
3 1 32767 4294967295 0 1
3 1 125796351 4294967295 0 1
4 1 2147483647 4294967295 0 1
1 1 65793 268374015 0 1
1 1 23 16711935 1 1
5 0 4294967295 4294967295 0 1
1 1 5 4294967295 0 1
5 0 4294967295 1 0 1
4 0 859045887 4294967295 0 0
4 0 1600085855 1442840575 0 1
4 1 2147483647 4294967295 0 0
4 1 1073741823 54476799 0 1
1 1 65537 1114129 2 1
2 1 329045 259 0 1
0 1 1 4915 2 1
2 1 18290559 65793 1 1
1 0 65537 394231679 0 1
0 1 1 50541363 2 1
1 1 65811 4294967295 0 1
1 1 65559 4294967295 0 1
1 1 3 4294967295 0 1
0 1 1 4294967295 0 1
2 1 1799 65795 0 1
1 0 275 5 0 1
0 1 1 65811 1 1
1 1 261 65557 0 1
2 1 1250099 4294967295 0 1
5 0 4294967295 4294967295 0 1
0 1 1 983055 2 1
2 1 16844551 858993459 0 1
1 1 261 1118549 1 1
2 1 6007 4294967295 0 0
4 1 2147483647 394231679 0 0
3 1 50544447 4294967295 0 1
2 1 1114129 1 1 1
2 1 1507447 273 0 1
3 1 394231807 4294967295 0 1
4 1 2147483647 4294967295 0 1
3 1 3855 32767 0 0
0 1 1 4294967295 0 1
0 1 1 1 2 0
1 1 279 65535 0 1
3 1 117901063 16711935 0 0
4 1 1431655765 322142207 0 0
2 1 17237767 360677375 0 1
0 1 1 65809 2 1
0 1 1 18290551 0 1
1 1 259 4294967295 0 1
4 1 252645135 4294967295 0 1
3 1 327122815 4294967295 0 1
0 0 1 4294967295 0 1
5 0 4294967295 4294967295 0 1
4 1 16711935 4294967295 0 0
4 0 268435455 1 0 1
5 0 4294967295 4294967295 0 1
0 0 1 1 5 1
2 1 4915 1431655765 0 1
4 1 252706815 65535 0 1
3 1 89478485 51 0 1
5 0 4294967295 4294967295 0 1
4 0 252645135 4294967295 0 0
3 1 357913941 4294967295 0 1
0 1 1 4294967295 0 1
4 0 2139095039 1 0 1
0 1 1 4294967295 0 1
4 1 2147450879 65559 0 0
5 0 4294967295 1610612735 0 1
0 0 1 4294967295 0 1
5 0 4294967295 4294967295 0 1
0 1 1 18285375 0 1
3 1 360660991 4294967295 0 1
3 1 5592575 1600126975 0 1
4 1 1431699455 4294967295 0 0
4 1 2013231103 4294967295 0 0
0 1 1 4294967295 0 1
1 1 65811 2147483647 0 1
0 1 1 4294967295 0 1
5 0 4294967295 4294967295 0 1
3 1 393707519 1118549 0 1
5 0 4294967295 327103487 0 1
1 1 5 1431699455 0 1
1 1 65541 4294967295 0 1
1 1 5 4294967295 0 1
1 1 5 4294967295 0 0
0 1 1 2004318071 0 1
5 0 4294967295 4294967295 0 1
2 1 18290551 4294967295 0 1
3 1 6226175 4294967295 0 1
1 1 65543 2013231103 0 1
2 1 5911 4294967295 0 1
0 1 1 65539 1 1
0 1 1 4294967295 0 0
0 1 1 4294967295 0 1
3 1 293033471 4294967295 0 0
3 1 118427407 53678079 0 0
2 0 16843523 2147483647 0 1
1 1 65557 4294967295 0 1
1 1 65541 4294967295 0 1
2 1 16843009 2013231103 0 0
1 1 65795 17105679 1 1
4 1 1431655765 4294967295 0 0
5 0 4294967295 16978739 0 1
3 1 118427407 65799 1 1
0 1 1 4294967295 0 1
4 0 65535 4294967295 0 0
4 1 2139095039 4294967295 0 1
0 1 1 394223615 1 1
4 1 252645135 4294967295 0 1
3 1 322122547 16975631 0 1
1 1 259 4294967295 0 1
0 1 1 259 3 1
2 1 1245235 1 2 1
2 1 197391 4294967295 0 1
0 1 1 327103487 2 1
4 1 2147483647 4294967295 0 1
5 0 4294967295 4294967295 0 1
5 0 4294967295 4294967295 0 1
3 1 8323327 4294967295 0 1
1 1 65799 17105157 1 1
3 1 390020927 4294967295 0 1
3 1 293024767 4294967295 0 1
4 1 2147483647 4294967295 0 1
4 1 2147483647 4294967295 0 1
3 0 322122547 1 1 1
3 1 89458005 4294967295 0 1
0 1 1 4294967295 0 1
2 1 18157909 4294967295 0 1
0 1 1 4294967295 0 1
4 1 2147450879 4294967295 0 1
1 1 17 2147483647 0 1
4 0 1431655765 268435455 0 1
3 1 325017439 4294967295 0 0
4 1 65535 2147483647 0 1
2 1 196671 1 0 1
3 1 7829503 1073692671 0 1
1 1 65809 4294967295 0 0
3 1 8355839 1 1 1
1 1 65553 4294967295 0 1
3 1 357913941 1 2 1
3 1 118427407 32767 0 1
0 1 1 16974083 0 1
0 1 1 125796351 0 1
0 1 1 4294967295 0 1
3 1 360677375 4294967295 0 1
0 1 1 18290559 0 1
1 1 65809 65555 0 1
3 1 394231807 4294967295 0 1
2 1 18022675 4294967295 0 1
0 1 1 4294967295 0 1
3 1 327122943 4294967295 0 0
4 1 1073741823 65559 0 0
3 1 394231807 4294967295 0 1
1 0 65559 4294967295 0 1
3 1 89481215 2147483647 0 0
4 1 1610612735 16383 0 1
3 1 4095 4294967295 0 1
2 1 1807 4294967295 0 1
0 1 1 4294967295 0 1
3 1 322114355 65543 1 1
1 1 257 1 1 1
0 1 1 4294967295 0 1
0 1 1 4294967295 0 1
1 1 65543 4294967295 0 1
0 1 1 4294967295 0 1
3 1 5570645 18290495 0 1
3 1 255 4294967295 0 0
4 1 2013231103 4294967295 0 1
0 1 1 4294967295 0 1
0 1 1 17 1 1
4 1 2139095039 4294967295 0 1
5 0 4294967295 4294967295 0 1
2 1 18290495 353719637 0 1
5 0 4294967295 4294967295 0 1
5 0 4294967295 4294967295 0 1
0 1 1 4294967295 0 1
3 1 360677375 1600085855 0 1
0 1 1 1 2 1
4 1 1610612735 4294967295 0 1
3 1 117931903 4294967295 0 1
1 1 257 4294967295 0 1
1 1 65553 7 2 1
4 1 2147483647 118427407 0 1
3 1 394231807 4294967295 0 0
5 0 4294967295 4294967295 0 1
1 1 65793 4294967295 0 1
5 0 4294967295 4294967295 0 1
0 1 1 4294967295 0 1
3 1 89458005 4294967295 0 1
3 1 983055 4294967295 0 1
4 1 1610571775 4294967295 0 1
3 1 8355839 4294967295 0 1
4 1 2147483647 4294967295 0 0
5 0 4294967295 4294967295 0 1
4 1 2147483647 4294967295 0 1
3 1 8355839 1442840575 0 0
2 1 5461 4294967295 0 1
2 1 4915 4294967295 0 1
2 1 1114163 118427407 0 1
0 1 1 1431655765 0 1
5 0 4294967295 4294967295 0 1
3 1 394231807 7 0 1
4 1 2147483647 1 0 1
1 1 65811 4294967295 0 1
5 0 4294967295 4294967295 0 1
4 0 1431699455 1 0 0
2 1 783 1 2 0
1 1 65537 1 3 1
4 1 2147450879 65543 0 0
3 1 84238175 4294967295 0 0
1 1 257 4294967295 0 1
3 1 327103487 4294967295 0 1
3 1 360650111 1 0 1
1 1 65809 4294967295 0 1
2 1 1245311 4294967295 0 1
5 0 4294967295 1 0 1
5 0 4294967295 1 0 1
3 1 390020927 2147483647 0 1
1 1 65541 4294967295 0 1
2 1 4369 4294967295 0 1
1 1 65557 4294967295 0 1
0 1 1 4294967295 0 1
4 1 2004353023 4294967295 0 1
3 1 394231807 255 0 1
4 1 1610612735 4294967295 0 1
0 1 1 4294967295 0 1
1 1 279 65539 2 1
2 1 17105679 4294967295 0 1
1 1 65793 4294967295 0 1
5 0 4294967295 16191 0 1
5 0 4294967295 4294967295 0 1
4 1 2013231103 2147483647 0 0
1 1 275 2147483647 0 1
5 0 4294967295 4294967295 0 1
1 1 17 4294967295 0 1
2 1 18022675 4294967295 0 1
1 1 65797 4294967295 0 1
3 1 7799039 4294967295 0 0
3 1 4145151 1 2 1
2 1 329045 1 2 1
4 1 2147483647 4294967295 0 1
0 1 1 4294967295 0 1
2 1 1507455 4294967295 0 1
1 1 65557 4294967295 0 1
2 1 18158933 4294967295 0 1
5 0 4294967295 4294967295 0 1
3 1 357913941 4294967295 0 1
4 1 872363007 2004318071 0 1
1 0 65795 65541 2 1
3 1 320017171 4294967295 0 1
0 1 1 4294967295 0 1
0 1 1 4294967295 0 1
1 1 65809 4294967295 0 0
3 1 322122547 1431655765 0 0
1 1 65537 275 3 1
1 1 279 393705335 0 1
3 1 89458005 4294967295 0 0
0 1 1 30719 2 1
3 1 357913941 4294967295 0 1
1 1 273 4294967295 0 1
1 1 65559 4294967295 0 1
2 1 460671 4294967295 0 1
0 1 1 4294967295 0 1
1 1 65813 1 3 1
3 1 360666623 1285 0 1
0 1 1 17892693 2 1
3 1 54476799 17237775 0 1
0 1 1 23 2 1
1 1 65815 8323327 0 1
3 1 84215045 4294967295 0 1
3 1 327103487 4294967295 0 1
3 1 89458005 4294967295 0 1
5 0 4294967295 4294967295 0 1
2 1 17109855 65809 0 1
5 0 4294967295 84217615 0 1
4 1 872363007 4294967295 0 1
4 1 2147483647 4294967295 0 1
2 1 327685 1 0 0
2 1 1285 4294967295 0 1
1 1 65795 65535 0 1
2 0 18157909 18289015 1 1
5 0 4294967295 19 0 1
2 1 5461 8323327 0 1
2 0 17106181 290805077 0 1
0 1 1 4294967295 0 1
2 1 18154303 357913941 0 1
5 0 4294967295 65797 0 1
3 1 7829503 4294967295 0 1
1 1 23 1376341 2 1
2 1 4959 4294967295 0 1
0 1 1 1 3 1
2 1 1507455 4294967295 0 0
1 1 65799 65535 0 1
0 1 1 4294967295 0 1
3 1 394215423 4294967295 0 1
1 1 21 4294967295 0 1
0 1 1 4294967295 0 1
0 1 1 290805077 0 1
2 1 6015 4294967295 0 1
1 1 5 4294967295 0 1
1 0 65557 65795 3 1
0 1 1 4294967295 0 1
5 0 4294967295 4294967295 0 1
4 1 252645135 4294967295 0 1
5 0 4294967295 4294967295 0 1
4 1 1610571775 4294967295 0 1
1 1 19 65535 0 1
4 1 1442797055 392126303 0 0
1 1 65811 6015 0 1
1 1 275 4294967295 0 0
1 1 259 4294967295 0 1
3 1 90136415 18154837 0 1
1 1 3 4294967295 0 1
2 1 17897335 4294967295 0 1
2 0 15 2147483647 0 1
2 1 85 4915 0 0
3 1 7799039 4294967295 0 0
5 0 4294967295 1 0 1
1 1 65799 2147483647 0 1
0 1 1 2147483647 0 1
2 1 16844551 4294967295 0 1
3 1 394229759 1 0 1
3 1 8323327 5461 0 1
4 1 2147483647 1 0 1
1 1 273 1 2 1
3 1 32639 4294967295 0 1
5 0 4294967295 4294967295 0 1
5 0 4294967295 1 0 1
2 0 196671 4294967295 0 1
5 0 4294967295 1 0 1
0 1 1 4294967295 0 1
4 1 252645135 4294967295 0 1
4 1 2147483647 4294967295 0 0
2 1 18284823 4294967295 0 0
4 1 2147483647 4294967295 0 0
3 1 84217615 17241983 0 1
5 0 4294967295 4294967295 0 1
2 1 4915 4294967295 0 1
1 1 277 65553 3 1
2 1 5951 4294967295 0 1
3 1 4145151 4294967295 0 0
5 0 4294967295 4294967295 0 1
1 1 259 4294967295 0 1
5 0 4294967295 4294967295 0 1
3 1 394205055 4294967295 0 1
1 1 7 4294967295 0 1
5 0 4294967295 1285 0 1
2 1 771 1 0 1
2 1 127 4294967295 0 1
4 1 2147483647 1 0 1
1 1 23 54476607 0 1
0 1 1 18153749 1 1
3 1 983295 252645135 0 1
2 1 6015 1 3 1
5 0 4294967295 357913941 0 1
3 0 357897557 4294967295 0 1
1 1 65815 4294967295 0 1
1 1 263 18290455 0 1
3 1 390020927 4294967295 0 0
4 1 2147483647 18290495 0 1
1 1 263 4294967295 0 1
0 1 1 4294967295 0 1
1 1 23 65811 1 1
4 0 1600126975 394205055 0 1
2 1 18285919 4294967295 0 1
0 1 1 4294967295 0 1
2 1 18285919 4294967295 0 1
1 1 65557 1 3 1
1 1 279 196671 0 1
3 1 360677375 2147483647 0 1
3 1 357897557 4294967295 0 1
3 1 393705335 4294967295 0 1
3 1 51318543 4294967295 0 1
0 1 1 4294967295 0 1
1 1 273 4294967295 0 1
3 1 4129023 65811 0 1
1 1 279 4294967295 0 1
3 1 84215045 65537 0 0
0 1 1 2147483647 0 1
1 1 23 2147483647 0 1
4 1 2147483647 65815 0 1
2 1 18290559 263 2 1
3 1 394215423 4294967295 0 1
0 1 1 4294967295 0 1
2 1 329055 5951 1 1
3 1 84215045 17110357 0 0
3 1 8355839 4294967295 0 1
5 0 4294967295 2139095039 0 1
0 1 1 4294967295 0 1
0 0 1 4294967295 0 1
0 1 1 4294967295 0 1
0 1 1 2147483647 0 1
4 1 2147483647 4294967295 0 1
1 1 65793 2147483647 0 1
2 0 771 252645135 0 1
5 0 4294967295 4294967295 0 1
1 1 5 392126303 1 1
4 0 252706815 4294967295 0 1
5 0 4294967295 4294967295 0 1
4 1 1061158911 196671 0 1
4 1 1442797055 4294967295 0 1
2 1 1118481 4294967295 0 1
2 1 18290559 4294967295 0 1
4 1 16711935 1610571775 0 0
1 1 23 125796351 1 1
5 0 4294967295 273 0 1
0 1 1 4294967295 0 1
5 0 4294967295 2147483647 0 1
5 0 4294967295 4294967295 0 1
0 1 1 65815 1 1
5 0 4294967295 4294967295 0 1
4 1 2147483647 4294967295 0 1
4 1 1073741823 4095 0 1
2 1 17236751 118427407 0 1
5 0 4294967295 4294967295 0 1
1 1 261 1 3 1
2 1 18158933 327695 0 1
0 1 1 4294967295 0 1
0 1 1 261 4 1
2 1 1285 4294967295 0 1
5 0 4294967295 4294967295 0 1
1 1 279 4294967295 0 1
5 0 4294967295 7799039 0 1
1 1 7 4294967295 0 1
4 1 2147483647 4294967295 0 1
2 1 18290551 4294967295 0 1
4 0 65535 4294967295 0 1
2 1 1285 325006335 0 1
4 1 858993459 1 0 0
4 0 859045887 65811 0 0
4 1 2147483647 18289535 0 0
2 1 17892693 4294967295 0 1
2 1 16843009 4294967295 0 1
2 1 17110879 18285375 0 1
1 1 65799 2147483647 0 1
2 1 1250099 4294967295 0 1
3 1 24575 4294967295 0 1
1 1 65553 394231807 0 1
3 1 986895 257 1 1
4 1 1073741823 3 0 1
3 1 125796351 394229759 0 1
2 1 196659 4294967295 0 1
3 1 125796351 4294967295 0 1
0 1 1 1 2 1
0 1 1 7 4 1
5 0 4294967295 4294967295 0 1
0 1 1 1 5 1
0 1 1 4294967295 0 1
0 1 1 4294967295 0 1
2 1 196611 4294967295 0 1
1 1 65793 4294967295 0 1
3 1 357924863 4294967295 0 1
4 0 1073741823 4294967295 0 1
1 1 261 1 2 1
0 1 1 16974595 3 1
1 1 65815 4294967295 0 1
3 1 392134655 4294967295 0 1
4 1 2147483647 17237775 0 1
4 1 2147483647 4294967295 0 0
2 1 18158933 4294967295 0 1
2 1 18289015 65541 0 1
0 1 1 2139062143 0 1
0 1 1 4294967295 0 1
3 1 357897557 4294967295 0 1
3 1 84235605 18290527 0 0
0 1 1 51315471 2 1
3 1 50529027 4294967295 0 1
5 0 4294967295 65539 0 1
0 1 1 4294967295 0 1
2 1 16978739 4294967295 0 0
1 1 17 16848663 2 1
3 1 118456319 4294967295 0 1
2 1 4915 4294967295 0 1
5 0 4294967295 16711935 0 1
2 1 1245311 1 0 0
1 1 7 4294967295 0 1
5 0 4294967295 1073741823 0 1
1 1 65795 394229759 0 1
4 1 2147483647 4294967295 0 1
0 1 1 4294967295 0 1
1 1 275 4294967295 0 1
0 1 1 4294967295 0 1
4 1 2147483647 4294967295 0 1
3 1 32767 4294967295 0 0
4 1 1610612735 4294967295 0 1
2 1 1118549 4294967295 0 1
4 1 1600126975 4294967295 0 1
1 1 259 393705335 0 1
0 1 1 2147483647 0 1
4 1 858993459 4369 0 1
0 1 1 1 5 1
4 1 2147483647 1442797055 0 1
4 0 65535 1118515 0 1
1 1 7 4294967295 0 1
4 1 2147483647 4294967295 0 1
1 1 3 3 4 1
5 0 4294967295 4294967295 0 1
1 1 65809 4294967295 0 0
2 1 18290047 4294967295 0 1
0 1 1 4294967295 0 1
2 0 771 4294967295 0 0
4 1 16777215 65555 0 1
0 1 1 18290495 3 1
3 1 89481215 4294967295 0 1
2 1 5503 4294967295 0 1
4 1 2147483647 1 0 1
1 1 65537 4294967295 0 1
2 1 17110879 4294967295 0 1
4 1 268374015 16777215 0 1
4 1 2147483647 257 0 1
3 1 322122547 4294967295 0 1
1 1 7 1 3 0
1 1 257 4294967295 0 1
2 1 196611 4294967295 0 1
1 1 65793 4294967295 0 1
0 1 1 2147483647 0 1
4 1 1431655765 4294967295 0 0
2 1 1118515 4294967295 0 0
1 1 19 4294967295 0 1
3 1 8355839 353703189 0 1
3 1 32767 4294967295 0 1
4 0 16711935 23 0 0
0 1 1 4294967295 0 1
4 1 2139095039 252645135 0 1
4 1 2147483647 327122943 0 1
1 1 65553 4294967295 0 1
2 0 127 4294967295 0 1
0 1 1 1381717 2 1
2 1 1285 118456319 0 1
3 1 394231807 1507455 0 0
5 0 4294967295 65795 0 1
3 1 393707519 4294967295 0 1
3 1 393707519 197379 0 1
1 1 279 4294967295 0 1
5 0 4294967295 277 0 1
3 1 118427407 65799 0 1
1 1 257 16711935 0 1
0 1 1 2139095039 0 1
1 1 65793 65535 0 1
2 1 17110879 1 2 1
0 1 1 18158933 2 1
2 1 16978227 4294967295 0 1
5 0 4294967295 4294967295 0 1
3 1 90116095 4294967295 0 1
1 1 65539 65539 0 1
0 1 1 95 3 1
1 1 279 4294967295 0 1
4 1 268374015 4294967295 0 0
5 0 4294967295 1 0 1
1 1 7 4294967295 0 1
5 0 4294967295 983055 0 1
3 1 54461247 1 0 1
1 1 275 4294967295 0 1
1 1 261 4294967295 0 1
1 1 65555 1919 1 1
0 1 1 8355839 2 1
3 1 50529027 4294967295 0 0
0 1 1 4294967295 0 0
3 1 53687091 394231807 0 1
3 1 394231807 4294967295 0 1
4 1 252645135 2147483647 0 0
1 1 65795 16777215 0 1
5 0 4294967295 4294967295 0 1
4 1 2004318071 4294967295 0 1
4 1 2147483647 1 0 0
3 1 6226015 1 2 1
2 1 17237767 4294967295 0 1
1 1 65539 4294967295 0 1
0 0 1 263 1 1
4 1 2004318071 118425359 0 1
0 1 1 293015927 2 1
2 1 18158933 4294967295 0 1
0 1 1 1245235 0 1
1 1 65541 65559 0 1
3 1 4128831 4294967295 0 1
0 1 1 4294967295 0 1
0 1 1 1 2 1
1 1 65793 4294967295 0 1
2 1 18026803 4294967295 0 1
3 1 118456319 4294967295 0 1
3 1 394231807 4294967295 0 1
0 1 1 65535 0 1
0 1 1 4294967295 0 1
2 1 458767 4294967295 0 1
1 1 261 1 3 1
5 0 4294967295 4294967295 0 1
4 1 2147483647 4294967295 0 1
4 1 2139095039 4294967295 0 0
4 1 2147483647 32639 0 1
1 1 65811 4294967295 0 1
2 1 18285375 65795 1 1
4 1 2147483647 4294967295 0 1
2 1 1807 4294967295 0 0
2 1 51 117903119 0 1
3 1 84215045 357913941 0 0
3 1 118425359 4294967295 0 1
2 1 6015 4294967295 0 1
1 1 65793 1431699455 0 1
2 1 1381759 4294967295 0 1
2 1 16978227 4294967295 0 1
5 0 4294967295 4294967295 0 1
1 1 65813 1 2 1
4 1 1073741823 4294967295 0 1
4 1 2147483647 4294967295 0 1
0 1 1 1 2 1
4 0 858993459 394231807 0 0
4 1 1610612735 4294967295 0 1
3 1 53690367 4915 0 1
0 1 1 4294967295 0 1
1 1 65811 4294967295 0 1
4 1 2147483647 1610612735 0 0
0 1 1 1 3 1
1 1 65543 4294967295 0 1
0 1 1 16979775 1 1
3 1 390037503 4294967295 0 1
4 1 2147483647 4294967295 0 1
4 0 65535 4294967295 0 0
0 1 1 392132607 0 1
2 1 4915 4294967295 0 1
1 1 65809 4294967295 0 1
2 1 1114197 4294967295 0 1
5 0 4294967295 2147483647 0 1
3 1 393707519 1118583 0 0
1 1 275 1 1 1
2 1 17237775 4294967295 0 1
4 1 65535 4294967295 0 1
4 1 16777215 4294967295 0 1
3 1 393707519 4294967295 0 1
3 1 392126303 4294967295 0 1
5 0 4294967295 4294967295 0 1
5 0 4294967295 4294967295 0 1
2 1 15 4294967295 0 1
3 1 24575 4294967295 0 1
0 1 1 65539 4 1
0 1 1 4294967295 0 1
3 1 322122547 4294967295 0 1
5 0 4294967295 4294967295 0 1
2 1 18027315 2147483647 0 1
4 1 2139095039 89460735 0 1
1 1 275 1 1 1
1 1 17 1 4 1
2 1 16979263 4294967295 0 1
3 1 8323199 1 1 0
5 0 4294967295 1 0 1
4 1 2139062143 394231679 0 0
5 0 4294967295 2147483647 0 1
4 1 2139095039 65559 0 1
2 1 18289535 4294967295 0 1
1 0 261 18158933 0 1
1 1 65799 118425359 0 1
3 1 327122943 4294967295 0 1
3 1 118425359 4294967295 0 1
4 1 2147483647 4294967295 0 0
2 1 771 4294967295 0 1
1 1 7 4294967295 0 1
0 1 1 279 1 1
5 0 4294967295 4294967295 0 1
4 1 2013265919 277 0 0
0 1 1 4294967295 0 1
1 1 65541 4294967295 0 1
3 1 3342591 4294967295 0 1
1 1 259 4294967295 0 1
1 1 65815 65555 1 1
0 1 1 4294967295 0 1
3 1 320025395 5911 0 1
1 1 23 1600085855 0 1
1 1 65813 4294967295 0 1
1 1 275 65813 2 1
3 1 357913941 65541 1 1
4 1 65535 4294967295 0 1
1 1 65543 4294967295 0 1
3 1 8323327 4294967295 0 1
0 1 1 4294967295 0 1
3 1 322122547 4294967295 0 1
2 1 196611 4294967295 0 1
0 1 1 1507423 0 1
2 1 1513239 1 3 1
3 1 360677375 1 0 1
4 0 65535 4294967295 0 0
5 0 4294967295 1 0 1
4 0 1073741823 4294967295 0 1
3 1 8323327 4294967295 0 1
3 1 24575 4294967295 0 1
5 0 4294967295 4294967295 0 1
0 1 1 1600126975 0 1
1 1 277 4294967295 0 1
3 1 357913941 4294967295 0 1
3 1 360677375 16711935 0 1
4 0 252645135 8355839 0 1
3 1 84215045 320017171 0 1
3 0 8323199 1 0 0
5 0 4294967295 65543 0 1
5 0 4294967295 4294967295 0 1
4 1 2147483647 4294967295 0 1
1 1 65539 4294967295 0 1
4 1 2147483647 4294967295 0 1
4 1 2147483647 16979775 0 1
4 1 2147483647 4294967295 0 1
1 1 65793 4294967295 0 1
3 0 7829367 394229759 0 0
0 1 1 4294967295 0 1
1 1 263 90113375 0 1
1 1 65541 4294967295 0 1
5 0 4294967295 4294967295 0 1
0 1 1 18153749 3 1
3 0 3342387 4294967295 0 1
4 1 2147483647 118427407 0 0
5 0 4294967295 322122547 0 1
4 1 16711935 118456319 0 1
4 1 1600126975 1 1 1
1 1 17 4294967295 0 1
0 1 1 18027903 1 1
3 1 390020927 65813 0 1
4 1 65535 4294967295 0 1
4 0 252645135 4294967295 0 0
4 1 2147483647 65535 0 1
2 1 1381759 4294967295 0 1
4 1 268435455 5911 0 0
3 1 983055 4294967295 0 1
0 1 1 259 3 1
0 1 1 4294967295 0 1
0 1 1 65559 3 1
3 1 118425359 65537 1 0
5 0 4294967295 4294967295 0 1
4 1 2013265919 4294967295 0 1
3 1 13107 4294967295 0 1
4 0 65535 16979263 0 0
0 1 1 1507455 3 1
4 1 1431655765 327685 0 0
2 1 783 4294967295 0 1
0 1 1 18154837 0 0
2 1 1376277 4294967295 0 1
4 1 2147483647 252645135 0 1
4 1 2147483647 1245235 0 1
0 1 1 4294967295 0 1
4 1 2147450879 357897557 0 1
0 1 1 90136575 0 1
0 1 1 1507455 1 1
3 1 8323327 65795 1 1
1 1 65813 7 3 1
3 1 3342591 1 0 1
3 0 50541363 1 0 1
3 1 327103487 65809 0 1
2 1 1507455 4294967295 0 1
0 1 1 4294967295 0 1
2 1 18028415 3342387 0 1
1 1 65553 65541 1 1
0 1 1 4294967295 0 1
1 1 17 1 4 1
0 1 1 1507423 2 1
3 1 394231807 4294967295 0 1
0 1 1 4294967295 0 1
2 1 18158933 2139062143 0 1
4 1 2147450879 7799039 0 1
0 1 1 16711935 0 1
0 1 1 4294967295 0 1
4 1 2147483647 259 0 1
0 1 1 4294967295 0 1
2 0 17236231 1431655765 0 1
4 0 1431655765 4294967295 0 1
0 1 1 4294967295 0 1
3 1 125767679 1 2 1
1 1 65553 1 4 1
1 0 65559 4294967295 0 1
0 1 1 4294967295 0 1
5 0 4294967295 4294967295 0 1
3 0 84872975 4294967295 0 1
1 1 277 4294967295 0 1
1 1 65811 4294967295 0 0
4 1 1610612735 65553 0 1
1 1 65553 4294967295 0 1
3 1 322122547 4294967295 0 1
5 0 4294967295 4294967295 0 1
4 0 2013231103 4294967295 0 1
5 0 4294967295 4294967295 0 1
1 1 17 4294967295 0 1
5 0 4294967295 65535 0 1
1 0 65793 4294967295 0 1
2 1 329045 1 1 1
1 1 65809 1442840575 0 1
4 1 2139095039 4294967295 0 1
4 1 2147483647 1507391 0 1
1 1 277 84235605 1 1
1 0 17 4294967295 0 1
3 1 322122547 65797 1 1
0 1 1 1 3 1
3 1 353719637 4294967295 0 1
2 0 1376383 4294967295 0 1
3 1 390035455 327122943 0 1
0 1 1 1431655765 0 1
2 1 16974083 1 0 1
3 0 3855 18290559 0 1
4 1 1442797055 1 0 0
2 1 18154837 1431655765 0 1
2 1 16848149 4294967295 0 1
3 1 90136575 1 2 1
0 1 1 4294967295 0 1
2 1 16848663 4294967295 0 1
5 0 4294967295 4294967295 0 1
2 1 458767 4294967295 0 1
4 1 2147483647 293015927 0 1
4 1 252645135 263 0 1
1 1 65555 4294967295 0 1
3 1 286331153 18159487 0 1
5 0 4294967295 4294967295 0 1
1 0 275 4294967295 0 1
2 1 1245203 2147483647 0 1
1 1 5 4294967295 0 1
2 1 458879 2147483647 0 1
4 1 252706815 1114163 0 1
0 1 1 4294967295 0 1
5 0 4294967295 65539 0 1
3 1 4128831 21 1 1
0 1 1 2147483647 0 1
3 1 286357367 4294967295 0 1
3 1 255 5 2 1
2 1 1911 118456319 0 1
4 1 2147483647 6015 0 1
2 1 328975 4294967295 0 0
5 0 4294967295 65555 0 1
4 1 1610612735 2147483647 0 1
0 1 1 4294967295 0 1
1 1 65795 987135 0 0
5 0 4294967295 4294967295 0 1
0 0 1 4294967295 0 1
3 1 54473727 4294967295 0 1
2 1 17237775 4294967295 0 1
4 1 2139095039 18022675 0 0
0 1 1 4294967295 0 1
0 1 1 5911 0 1
2 1 197427 4294967295 0 1
4 1 2147483647 4294967295 0 1
1 1 279 858993459 0 1
0 1 1 4294967295 0 1
0 0 1 4294967295 0 1
0 1 1 4294967295 0 1
0 1 1 4294967295 0 1
2 1 18153749 4294967295 0 1
5 0 4294967295 4294967295 0 1
3 0 84215045 118427407 0 0
1 1 19 4294967295 0 1
3 1 118427407 4294967295 0 1
0 1 1 4294967295 0 1
1 1 19 4294967295 0 1
0 1 1 4294967295 0 1
4 0 2147483647 858993459 0 1
5 0 4294967295 1 0 1
1 1 5 4294967295 0 1
1 1 65539 4294967295 0 1
1 1 277 18023219 0 1
3 1 394231807 4294967295 0 1
2 1 5461 4294967295 0 1
3 1 394229759 4294967295 0 1
1 1 65559 4294967295 0 1
0 1 1 4294967295 0 1
5 0 4294967295 4294967295 0 1
1 1 65809 17241471 0 1
0 1 1 1 2 1
0 1 1 4294967295 0 1
4 1 872363007 4294967295 0 1
2 1 4915 1 2 1
3 1 353719637 65813 0 1
1 1 65797 1375 0 1
4 1 1600126975 4294967295 0 1
4 1 2013231103 394231807 0 1
2 1 197379 1 3 1
5 0 4294967295 4294967295 0 1
3 1 357924863 1 0 1
2 1 18158463 63 0 1
3 1 32767 1 1 1
5 0 4294967295 4294967295 0 1
1 1 17 65541 0 1
5 0 4294967295 65809 0 1
3 1 5570645 4294967295 0 1
2 0 17105157 1 1 1
5 0 4294967295 18285375 0 1
5 0 4294967295 4294967295 0 1
3 1 357913941 65541 0 1
1 1 259 4294967295 0 0
5 0 4294967295 360666623 0 1
4 1 2147450879 18023219 0 1
0 1 1 18158869 1 1
1 1 19 279 3 1
0 1 1 4294967295 0 1
4 1 2147450879 65815 0 0
4 1 1073692671 4294967295 0 1
2 1 18286463 2147450879 0 1
1 1 65543 18290455 1 1
2 1 1250143 2004353023 0 1
3 1 394223615 858993459 0 1
0 1 1 4294967295 0 1
0 1 1 4294967295 0 0
3 1 125269879 1610612735 0 1
2 1 17236231 1 2 0
0 1 1 4294967295 0 1
1 1 65811 4294967295 0 1
3 1 387407711 4294967295 0 1
4 1 252645135 4294967295 0 0
5 0 4294967295 4294967295 0 1
5 0 4294967295 1 0 1
2 1 16978739 4294967295 0 1
1 1 5 4294967295 0 0
4 1 1073741823 4294967295 0 1
3 1 322122547 4294967295 0 1
1 1 277 4294967295 0 1
1 1 65811 16974083 1 1
3 1 357924863 4294967295 0 0
3 1 394231807 4294967295 0 1
0 1 1 329045 2 1
0 1 1 3355443 1 1
1 1 65557 4294967295 0 1
3 1 390037503 4294967295 0 1
3 1 8323327 1 0 1
1 1 65559 17105157 0 1
0 1 1 1 5 1
4 0 1073692671 4294967295 0 0
5 0 4294967295 7 0 1
2 1 17236751 4294967295 0 1
3 1 8323327 1 0 1
2 1 17896789 4294967295 0 1
1 1 261 2147483647 0 1
1 1 65559 17 3 1
1 1 65541 4294967295 0 1
4 0 252706815 2139062143 0 1
0 1 1 357897557 0 1
4 0 2147483647 3 0 1
5 0 4294967295 4294967295 0 1
2 1 458759 4294967295 0 0
1 1 279 1431655765 0 1
4 0 2147483647 1 0 1
4 1 2147483647 65539 0 1
3 1 327122943 65541 0 1
1 1 65537 4294967295 0 1
1 1 279 4294967295 0 1
0 1 1 4294967295 0 1
1 1 7 4294967295 0 1
3 1 118456319 4294967295 0 1
2 1 1245279 4294967295 0 1
5 0 4294967295 4294967295 0 1
4 1 1073692671 5951 0 1
5 0 4294967295 4294967295 0 1
4 1 268435455 196659 0 1
0 1 1 4294967295 0 1
4 1 2147483647 5570645 0 1
4 1 1073741823 4294967295 0 1
3 1 357913941 4294967295 0 1
3 1 394231807 4294967295 0 1
3 1 322114355 2147483647 0 1
4 1 2147483647 4294967295 0 1
3 1 54464511 1 2 1
4 1 252645135 4294967295 0 1
1 1 65559 4294967295 0 1
4 1 858993459 4294967295 0 1
3 1 118427407 4294967295 0 1
3 1 327122943 4294967295 0 1
1 1 259 4294967295 0 0
3 1 390037503 4294967295 0 1
2 1 1507351 4294967295 0 0
4 1 2147483647 4294967295 0 1
4 1 65535 4294967295 0 1
1 0 65553 1 4 1
1 1 65543 7 3 1
0 1 1 4294967295 0 1
4 1 2147483647 4294967295 0 1
2 1 1375 4294967295 0 1
2 1 327775 4294967295 0 1
1 1 65553 1 2 1
5 0 4294967295 4294967295 0 1
1 1 17 1 2 1
3 1 394223615 4294967295 0 1
1 1 65809 4294967295 0 1
4 1 2139095039 279 0 1
5 0 4294967295 17106181 0 1
4 0 65535 4294967295 0 0
0 1 1 4294967295 0 1
3 1 394231807 4294967295 0 1
1 1 257 4294967295 0 1
4 1 2013265919 4294967295 0 0
0 1 1 458879 2 1
1 1 65555 1073692671 0 1
0 1 1 4294967295 0 1
1 1 65811 4294967295 0 1
0 0 1 4294967295 0 1
5 0 4294967295 4294967295 0 1
2 1 18290559 4294967295 0 1
5 0 4294967295 4294967295 0 1
1 1 277 65557 0 1
5 0 4294967295 4294967295 0 1
3 1 84893695 4294967295 0 1
2 1 1376341 18159423 0 1
0 1 1 4294967295 0 1
5 0 4294967295 4294967295 0 1
0 1 1 4294967295 0 1
3 1 322114355 4294967295 0 1
0 1 1 17896789 3 1
5 0 4294967295 50544447 0 1
2 1 329045 4294967295 0 0
2 1 327685 4294967295 0 1
3 0 89458005 4294967295 0 1
4 1 2139095039 4294967295 0 1
2 1 460551 4294967295 0 1
1 1 19 4294967295 0 1
0 1 1 4294967295 0 1
1 1 3 4294967295 0 1
0 1 1 1507455 2 1
0 1 1 4294967295 0 1
3 1 90136575 4294967295 0 1
0 1 1 394231807 1 1
2 1 18289535 4294967295 0 1
4 1 268374015 4294967295 0 0
4 1 2147483647 1 1 1
5 0 4294967295 18154837 0 1
4 0 858993459 4294967295 0 0
0 1 1 4294967295 0 1
4 1 1431655765 4294967295 0 0
4 0 1431655765 1 0 1
2 1 6015 4294967295 0 1
1 1 261 4294967295 0 1
5 0 4294967295 4294967295 0 1
2 1 1376341 4294967295 0 1
5 0 4294967295 394223615 0 1
2 1 17236231 1 0 0
2 1 1285 4294967295 0 0
2 0 18022675 65535 0 1
1 1 17 4294967295 0 1
2 1 1118481 4294967295 0 1
0 1 1 6226175 0 1
5 0 4294967295 4294967295 0 1
3 1 360677375 18158869 0 1
2 1 17237775 1431655765 0 1
4 1 65535 4294967295 0 0
3 1 356483071 286357367 0 0
2 1 458879 4294967295 0 1
4 1 2013231103 4294967295 0 1
1 1 65543 1 4 1
1 1 65793 4294967295 0 1
0 1 1 65541 4 1
3 1 390020927 4294967295 0 1
2 1 1807 4294967295 0 1
1 1 65555 4294967295 0 1
0 1 1 2013265919 0 1
4 1 2139095039 16848663 0 1
4 1 2147483647 4294967295 0 1
0 1 1 286331153 0 1
3 1 357924863 1 0 1
5 0 4294967295 4294967295 0 1
4 1 1073741823 390037503 0 1
3 1 394231807 322122547 0 1
0 1 1 394231807 0 1
1 1 273 65535 0 1
1 1 261 4294967295 0 1
1 1 65797 1 3 1
0 1 1 4294967295 0 1
5 0 4294967295 1 0 1
0 1 1 4294967295 0 1
1 1 65815 2147483647 0 1
1 1 65557 4294967295 0 0
0 1 1 1807 0 1
1 1 7 4294967295 0 1
1 1 277 90134015 1 1
3 1 394231807 4294967295 0 0
0 1 1 19 2 1
3 0 286331153 65557 0 1
3 1 394205055 4294967295 0 1
0 1 1 392134655 0 1
2 1 1799 858993459 0 1
0 1 1 252645135 1 1
0 1 1 4294967295 0 1
3 1 394231807 4294967295 0 1
0 1 1 1 5 1
1 1 65799 4294967295 0 0
4 0 1431655765 4294967295 0 1
1 1 23 6015 0 1
0 1 1 4294967295 0 1
2 1 831 4294967295 0 1
0 1 1 18028383 2 1
1 1 65553 4294967295 0 1
1 1 17 1 2 1
5 0 4294967295 4294967295 0 1
0 1 1 17896789 0 1
0 1 1 392134655 1 1
5 0 4294967295 4294967295 0 1
3 1 118425359 4883 0 1
1 0 65537 2147450879 0 1
5 0 4294967295 1 0 1
3 1 50541363 1 0 1
1 1 23 4294967295 0 1
4 0 1431655765 4294967295 0 1
5 0 4294967295 983055 0 1
2 1 458767 4294967295 0 1
3 1 394231679 279 0 0
5 0 4294967295 2147483647 0 1
4 1 268374015 4294967295 0 0
4 1 2147483647 4294967295 0 1
4 1 2147450879 4294967295 0 1
2 1 1799 4294967295 0 1
5 0 4294967295 4294967295 0 1
1 1 65795 6015 1 1
1 1 257 4294967295 0 1
1 1 3 4294967295 0 1
5 0 4294967295 1 0 1
1 1 65559 4294967295 0 1
1 1 23 252706815 0 1
3 1 84238175 2147483647 0 0
4 1 252706815 4294967295 0 1
0 0 1 16711935 0 1
2 1 18027315 197427 1 1
4 1 2147483647 4294967295 0 1
4 1 2004353023 4294967295 0 0
1 1 275 1 3 1
1 1 277 275 0 1
5 0 4294967295 263 0 1
1 1 275 1 3 1
4 1 2147483647 1 0 1
3 1 118427407 4294967295 0 1
5 0 4294967295 4294967295 0 1
3 1 290805077 4294967295 0 1
0 1 1 4294967295 0 1
4 1 1610571775 4294967295 0 1
1 0 65557 4294967295 0 1
4 1 2139095039 65793 0 1
1 1 257 252645135 0 1
1 1 65557 65795 0 1
4 1 65535 4294967295 0 0
3 1 394223615 4294967295 0 1
2 1 17895697 65811 2 1
0 1 1 65793 4 1
0 1 1 1 3 1
1 1 21 4294967295 0 1
2 1 127 1073741823 0 1
4 0 2147450879 4294967295 0 0
4 0 65535 2147483647 0 1
4 1 2147483647 53687091 0 1
4 1 1073692671 1 0 1
2 1 196671 65543 0 0
0 1 1 1610612735 0 1
5 0 4294967295 4294967295 0 1
2 1 17897335 4294967295 0 1
2 1 17106181 65543 1 1
2 1 18158933 1 2 1
3 0 290805077 4294967295 0 1
0 1 1 117931903 2 1
4 0 16711935 1376319 0 0
1 1 65555 1 2 1
3 1 8323327 51 1 1
5 0 4294967295 4294967295 0 1
3 1 394231807 4294967295 0 1
1 1 263 4294967295 0 1
4 0 1431655765 18027315 0 0
3 1 118427407 4294967295 0 1
2 1 18290559 16711935 0 1
2 1 1376341 2147483647 0 1
0 1 1 4294967295 0 1
1 1 23 4294967295 0 1
4 1 2147483647 1 0 1
2 1 18158933 65559 0 1
4 0 16711935 4294967295 0 1
5 0 4294967295 4294967295 0 1
1 1 259 394231807 0 1
1 0 3 2147483647 0 1
2 1 1507455 4294967295 0 1
1 1 65543 8323327 0 1
3 1 392134655 4294967295 0 0
1 0 65553 18158869 2 1
4 1 858993459 19 1 1
4 1 2147483647 1610612735 0 1
2 1 460671 4294967295 0 1
5 0 4294967295 1431655765 0 1
1 1 7 4294967295 0 0
4 1 2147483647 4294967295 0 1
0 1 1 16711935 1 1
3 1 4095 5570645 0 1
4 0 1600085855 4294967295 0 0
4 1 1431655765 4294967295 0 1
1 1 3 4294967295 0 1
1 1 65799 1442797055 0 1
5 0 4294967295 4294967295 0 1
1 1 261 4294967295 0 1
0 1 1 4294967295 0 1
2 1 6015 4294967295 0 1
1 1 65795 65797 0 1
4 1 2004318071 2013231103 0 1
4 0 268435455 1 0 0
2 1 5461 4294967295 0 1
1 1 65537 4294967295 0 1
2 0 196623 2147483647 0 1
5 0 4294967295 458767 0 1
4 1 2147483647 2147483647 0 1
1 1 65813 4294967295 0 1
5 0 4294967295 4294967295 0 1
2 1 196671 4294967295 0 0
4 1 2147483647 1 0 1
4 1 858993459 2147483647 0 1
5 0 4294967295 4369 0 1
3 1 118427407 65543 0 1
4 1 1073741823 4294967295 0 1
0 1 1 4294967295 0 1
1 1 261 16711935 0 1
0 1 1 4294967295 0 1
4 1 2147483647 1285 0 1
4 1 1600085855 4294967295 0 0
5 0 4294967295 4294967295 0 1
0 1 1 4129023 0 1
0 1 1 3 3 1
1 1 65553 4294967295 0 1
5 0 4294967295 4294967295 0 1
5 0 4294967295 4294967295 0 1
3 1 327103487 4294967295 0 1
5 0 4294967295 4294967295 0 1
1 1 65539 4294967295 0 1
3 1 8323327 4294967295 0 1
2 1 1513343 23 1 0
0 1 1 4294967295 0 1
1 1 65797 4294967295 0 1
3 1 392132607 23 0 1
2 1 1118481 4294967295 0 0
3 1 51315471 4294967295 0 1
2 1 15 51 0 1
5 0 4294967295 4294967295 0 1
2 1 17895697 4294967295 0 1
3 1 32767 2147483647 0 1
3 1 394231807 4294967295 0 1
1 1 65555 4294967295 0 1
3 1 394231807 4294967295 0 1
4 1 2013265919 771 0 1
0 1 1 4294967295 0 1
2 1 1507351 13107 0 0
4 1 1073741823 4294967295 0 0
2 1 1118583 16975631 1 1
4 0 1610612735 259 0 0
0 1 1 4294967295 0 1
3 1 360677375 90113375 0 1
2 1 1245203 1 3 1
1 1 19 4294967295 0 1
4 1 2013265919 4294967295 0 1
1 1 23 1513343 1 1
5 0 4294967295 4294967295 0 1
1 1 65541 4294967295 0 1
3 1 118427407 4294967295 0 1
4 1 2147483647 4294967295 0 1
2 1 18286463 4294967295 0 1
1 1 65815 4294967295 0 1
2 1 18158933 4294967295 0 0
5 0 4294967295 4294967295 0 1
5 0 4294967295 4294967295 0 1
4 1 1073692671 4294967295 0 1
5 0 4294967295 1 0 1
2 1 197439 4294967295 0 1
2 1 458879 2147483647 0 1
4 1 2147483647 858993459 0 1
3 0 357897557 19 0 1
0 1 1 4471 0 1
1 1 273 65795 2 1
2 0 15 4294967295 0 1
2 1 6007 1 3 1
0 0 1 1245235 1 1
4 1 2013231103 4294967295 0 1
4 1 2004318071 65535 0 1
0 1 1 4294967295 0 1
4 0 2147450879 4294967295 0 1
5 0 4294967295 4294967295 0 1
4 1 252706815 4294967295 0 1
2 1 1114197 4294967295 0 1
0 1 1 4294967295 0 1
0 1 1 1 4 1
4 1 1431655765 2147483647 0 1
2 1 17237775 4294967295 0 1
1 1 65555 4294967295 0 1
2 1 18289015 23 1 1
4 1 2147483647 4294967295 0 1
0 1 1 4294967295 0 1
5 0 4294967295 65535 0 1
1 1 65811 4294967295 0 1
1 1 19 2147483647 0 1
2 1 329055 1 0 0
2 1 17241983 4294967295 0 0
3 1 32767 4294967295 0 1
2 0 4437 286331153 0 1
3 0 3855 4294967295 0 0
0 1 1 17895697 0 1
3 1 393705335 196671 0 1
5 0 4294967295 4294967295 0 1
0 0 1 4294967295 0 1
2 1 16844037 394231807 0 1
1 1 279 4294967295 0 1
4 0 65535 4294967295 0 0
0 1 1 1 5 1
4 1 872415231 4294967295 0 1
4 0 1431655765 858993459 0 1
3 1 394231807 252645135 0 1
4 1 858993459 4294967295 0 1
3 1 8323327 3342387 1 1
2 1 17895697 4294967295 0 1
2 1 1114129 4294967295 0 0
0 1 1 4294967295 0 1
2 1 4471 2013265919 0 1
4 1 2147483647 2147483647 0 1
4 1 1073741823 4294967295 0 1
2 1 17897335 6250495 0 1
1 1 273 4294967295 0 1
5 0 4294967295 65557 0 1
4 1 2147483647 1 0 1
3 1 5570815 4294967295 0 1
3 1 8323327 4294967295 0 0
4 1 1061158911 7 0 1
3 1 24575 4294967295 0 1
0 1 1 65535 0 1
0 1 1 13311 2 1
5 0 4294967295 4294967295 0 1
4 1 858993459 8323327 0 1
2 1 18286463 4294967295 0 1
0 1 1 1 2 1
3 1 50529027 22015 0 0
2 1 18028415 4294967295 0 1
5 0 4294967295 2147483647 0 1
5 0 4294967295 4294967295 0 1
3 1 8323327 1 0 1
0 1 1 4294967295 0 1
2 1 1295 390020927 0 1
5 0 4294967295 4294967295 0 1
5 0 4294967295 1911 0 1
1 1 65793 1 4 1
2 1 1507455 4294967295 0 1
5 0 4294967295 4294967295 0 1
4 1 2147483647 4294967295 0 1
3 1 390029311 4294967295 0 1
3 1 3342387 4294967295 0 0
3 1 320044927 2147483647 0 1
3 0 16383 65555 0 1
4 1 2147483647 263 0 1
2 1 127 2013265919 0 1
2 1 17897335 4294967295 0 1
3 1 983055 4294967295 0 1
1 1 65555 16974083 0 1
0 1 1 16847635 3 1
1 1 65539 3342387 0 1
3 1 394231807 4294967295 0 1
1 1 65797 4294967295 0 1
3 1 8355839 858993459 0 1
3 1 394231807 2013265919 0 1
0 1 1 4294967295 0 1
4 1 65535 1 0 0
2 1 18027315 17106703 0 1
0 1 1 1 3 1
1 1 7 4294967295 0 1
2 1 18290559 4294967295 0 1
2 1 18290559 4294967295 0 1
5 0 4294967295 65811 0 1
4 1 2147483647 327685 0 0
3 1 32767 4294967295 0 0
2 1 17895697 4294967295 0 1
3 1 30719 4294967295 0 1
5 0 4294967295 4294967295 0 1
0 1 1 4294967295 0 1
0 1 1 4294967295 0 1
1 1 65813 16978227 0 1
1 1 65537 4294967295 0 1
1 1 65539 1 1 1
2 1 17895697 54476799 0 1
0 1 1 4294967295 0 0
0 1 1 357913941 1 1
0 1 1 4294967295 0 1
0 1 1 1061109567 0 1
0 1 1 7 2 1
5 0 4294967295 4294967295 0 1
3 1 118425359 4294967295 0 1
1 1 273 392118271 1 1
1 1 7 273 0 1
3 1 394231807 65543 1 1
5 0 4294967295 65535 0 1
2 1 819 1073741823 0 1
1 1 277 4294967295 0 1
0 1 1 4294967295 0 1
3 1 90116095 1 1 1
3 1 390037503 15 0 1
4 1 2004318071 392126303 0 1
5 0 4294967295 4294967295 0 1
3 1 322122547 4294967295 0 1
3 1 394223615 4294967295 0 1
3 1 7798903 4294967295 0 1
1 1 257 2147483647 0 1
4 1 2147450879 1 0 1
5 0 4294967295 4294967295 0 1
3 0 90136575 4294967295 0 1
3 1 30583 1 0 0
4 0 252645135 4294967295 0 1
0 1 1 5570815 1 1
2 1 16844037 858993459 0 1
2 1 18153749 357913941 1 1
3 1 118427407 4294967295 0 1
5 0 4294967295 872415231 0 1
2 1 1376277 4294967295 0 1
0 1 1 4294967295 0 1
3 1 32767 65537 0 1
2 1 17241975 65555 0 1
0 1 1 4294967295 0 1
3 1 392126303 4294967295 0 1
1 1 17 4294967295 0 0
4 1 1442840575 65555 0 1
4 1 2147483647 32639 0 1
0 1 1 3855 1 1
2 1 17237767 65553 2 1
0 1 1 1431655765 0 1
3 1 90136575 5983 0 1
3 1 32767 4294967295 0 1
5 0 4294967295 4294967295 0 1
5 0 4294967295 4294967295 0 1
5 0 4294967295 4294967295 0 1
0 1 1 2147483647 0 1
0 1 1 1 5 1
1 1 65553 4294967295 0 0
2 1 18158933 18158933 1 1
2 1 18023219 4294967295 0 1
0 1 1 23 4 1
4 1 16711935 4294967295 0 1
2 1 1381759 4294967295 0 1
2 1 18290455 4294967295 0 1
0 0 1 18290559 1 1
4 1 2013265919 1 0 0
0 1 1 4294967295 0 1
2 1 1245235 252645135 0 1
1 1 261 2147483647 0 1
1 1 5 2147483647 0 1
4 1 1610612735 4294967295 0 1
1 1 261 16711935 0 1
2 1 4369 4294967295 0 0
5 0 4294967295 4294967295 0 1
4 1 2147483647 4294967295 0 1
5 0 4294967295 4294967295 0 1
2 1 6015 252645135 0 1
5 0 4294967295 4294967295 0 1
4 1 1442840575 4294967295 0 1
0 1 1 2013231103 0 1
1 1 65795 1 2 1
0 1 1 458767 3 1
0 1 1 2147483647 0 1
4 0 858993459 4294967295 0 0
4 1 2147483647 4294967295 0 1
3 1 322142207 4294967295 0 0
1 1 21 2147483647 0 1
1 1 261 4294967295 0 1
5 0 4294967295 4294967295 0 1
3 1 84893695 1 0 1
3 1 360666623 1 1 1
2 0 4437 65535 1 1
1 1 65799 4294967295 0 1
2 1 1245203 1 2 0
4 1 1600126975 4294967295 0 1
2 1 18290527 4294967295 0 1
5 0 4294967295 15 0 1
0 1 1 279 1 1
4 1 2147483647 4294967295 0 1
3 1 322122547 65535 0 1
4 1 2147483647 4294967295 0 1
1 1 65559 4294967295 0 1
1 1 7 4294967295 0 1
4 0 858993459 320025395 0 0
1 1 5 4294967295 0 1
2 1 17236751 1 3 1
3 1 54476799 252645135 0 1
0 1 1 273 4 1
4 1 2147483647 18028415 0 1
0 1 1 4294967295 0 1
1 1 65795 4294967295 0 1
1 1 273 1 4 1
2 1 1118549 4294967295 0 1
2 1 18159487 4294967295 0 1
0 1 1 4294967295 0 1
1 1 65797 16711935 0 1
0 1 1 4294967295 0 1
5 0 4294967295 4294967295 0 1
1 1 65543 65543 2 1
3 1 322122547 5461 0 1
5 0 4294967295 23 0 1
3 1 320025395 1073741823 0 1
5 0 4294967295 4294967295 0 1
2 1 460671 4294967295 0 1
0 1 1 4294967295 0 1
3 1 8323327 4294967295 0 1
1 1 23 4294967295 0 1
2 1 17110357 328975 0 1
3 1 30719 1 0 0
4 1 2147483647 84870415 0 1
3 1 7798903 1 1 0
0 1 1 4294967295 0 1
0 1 1 1 5 1
1 1 257 4294967295 0 1
5 0 4294967295 275 0 1
4 1 2147483647 4294967295 0 1
2 1 17237775 4294967295 0 1
0 1 1 4294967295 0 1
4 1 2147450879 1 0 1
2 1 17892693 4294967295 0 0
2 1 1381717 127 0 1
0 1 1 4294967295 0 1
4 1 2147483647 4294967295 0 1
2 1 460559 357913941 0 1
0 1 1 4294967295 0 1
1 1 65797 4294967295 0 1
4 1 16711935 4294967295 0 0
0 1 1 16843009 3 1
5 0 4294967295 4294967295 0 1
3 0 255 261 0 0
2 1 196671 7 0 1
3 1 286339891 4294967295 0 1
5 0 4294967295 65813 0 1
1 1 257 1073741823 0 1
2 1 17237775 4294967295 0 1
0 1 1 4294967295 0 1
0 1 1 17236751 0 1
5 0 4294967295 5 0 1
2 1 196611 4294967295 0 1
1 1 17 4294967295 0 1
4 1 2147483647 4294967295 0 1
1 1 65537 4294967295 0 1
2 1 127 4294967295 0 1
2 1 771 4294967295 0 1
2 1 16843009 4294967295 0 1
3 1 125243391 90136575 0 1
2 1 16844551 1 2 0
4 1 2147483647 4294967295 0 0
4 1 2013231103 1 0 1
4 1 2147483647 357924863 0 1
3 1 322122547 394231807 0 1
1 1 259 394231807 0 1
1 1 65809 2139095039 0 1
3 1 390037503 4294967295 0 1
5 0 4294967295 4294967295 0 1
3 1 390020927 4294967295 0 1
3 1 394231807 23 0 1
0 1 1 4294967295 0 1
1 1 261 4294967295 0 1
0 1 1 4294967295 0 0
4 1 2147483647 1 0 1
0 1 1 4294967295 0 1
3 1 118427407 1 0 1
2 1 17241983 4294967295 0 0
4 1 2147483647 4294967295 0 0
3 0 394215423 4294967295 0 0
2 1 460671 1 1 1
0 1 1 18159487 0 1
2 1 196671 4294967295 0 1
3 1 84215045 4294967295 0 0
2 1 327775 4294967295 0 1
2 1 1513239 4294967295 0 1
0 1 1 4294967295 0 1
3 1 357913941 1 2 1
2 1 18157909 4294967295 0 1
0 1 1 51 1 1
4 0 252645135 4294967295 0 1
0 0 1 4294967295 0 1
4 1 252645135 4294967295 0 1
2 1 17237775 4294967295 0 1
2 1 18023219 4294967295 0 1
0 1 1 4294967295 0 1
1 1 65543 4294967295 0 0
4 1 1061158911 4294967295 0 1
2 1 18286463 4294967295 0 1
5 0 4294967295 2147483647 0 1
1 1 17 4294967295 0 1
3 0 394231807 4294967295 0 1
3 1 322122547 4294967295 0 1
0 1 1 16844551 0 0
1 1 65813 1 1 1
0 1 1 259 1 1
0 1 1 18024319 0 1
2 1 18290455 2147483647 0 1
5 0 4294967295 4294967295 0 1
4 1 2147483647 65535 0 1
5 0 4294967295 4294967295 0 1
0 1 1 4294967295 0 1
0 1 1 1 2 1
0 1 1 4294967295 0 1
0 1 1 16711935 0 1
2 1 1250175 4294967295 0 1
0 1 1 4294967295 0 1
4 1 2147483647 4294967295 0 0
0 1 1 1 5 1
0 1 1 4294967295 0 1
5 0 4294967295 1 0 1
5 0 4294967295 1 0 1
1 1 65797 1 4 1
3 1 89478485 17109333 0 1
4 1 2013265919 1 0 1
3 1 394231807 4294967295 0 1
4 0 1073741823 4294967295 0 0
3 1 360677375 65541 0 0
3 1 84217615 4294967295 0 1
1 1 65799 4294967295 0 1
4 1 1600126975 21 0 0
1 1 23 65535 1 1
2 1 16847635 4294967295 0 1
2 1 51 3 2 1
2 1 1507391 3342387 1 1
3 1 32767 4294967295 0 1
0 1 1 4294967295 0 1
2 1 831 4294967295 0 1
3 1 53687091 6015 0 1
0 1 1 4294967295 0 1
3 1 32767 4294967295 0 1
4 1 2147483647 1061109567 0 1
3 1 394231679 4294967295 0 1
3 1 84238175 1513279 0 1
2 1 5397 1 0 1
1 1 23 4294967295 0 1
0 1 1 327122815 2 1
0 1 1 197439 2 1
4 0 252645135 4294967295 0 1
2 1 51 4294967295 0 1
5 0 4294967295 2147483647 0 1
0 1 1 1507455 3 1
5 0 4294967295 18027283 0 1
1 1 273 4294967295 0 1
2 1 18289015 353730431 0 1
3 1 90134015 4294967295 0 1
2 1 95 4294967295 0 0
1 0 65557 3 0 1
2 1 51 16711935 0 1
3 1 13107 252645135 0 0
4 0 2013231103 4294967295 0 1
3 1 6226015 275 0 0
5 0 4294967295 4294967295 0 1
2 1 1118481 4294967295 0 1
4 1 1610612735 8323327 0 1
4 1 252706815 4294967295 0 1
4 1 2147483647 1431655765 0 1
1 1 65797 4294967295 0 1
1 1 65553 4294967295 0 1
1 1 65539 4294967295 0 0
4 1 2147483647 4294967295 0 1
5 0 4294967295 1 0 1
3 1 390029311 2147483647 0 1
0 1 1 4294967295 0 1
0 1 1 1 3 1
1 1 65793 394223615 0 1
0 1 1 1513343 0 1
1 1 65815 4294967295 0 1
3 1 32767 4294967295 0 1
4 1 2147483647 4294967295 0 1
2 0 16843523 1 0 0
1 1 275 19 0 1
4 0 16711935 4294967295 0 1
1 1 65811 4294967295 0 1
0 1 1 4294967295 0 1
5 0 4294967295 63 0 1
4 1 1073741823 65797 0 1
0 1 1 327775 3 1
5 0 4294967295 390035455 0 1
5 0 4294967295 4294967295 0 1
4 1 16777215 4294967295 0 1
0 1 1 252645135 0 1
3 1 125796351 4294967295 0 1
2 1 18290495 2147483647 0 1
1 1 65797 4294967295 0 1
3 1 394231807 4294967295 0 1
3 0 394223615 4294967295 0 1
1 1 257 18290551 0 1
0 1 1 18290559 1 0
0 1 1 4294967295 0 1
1 0 257 4294967295 0 1
0 1 1 1073741823 0 1
3 1 293024767 4294967295 0 1
1 1 261 4294967295 0 1
3 1 125796223 4294967295 0 1
2 1 51 18024319 0 1
5 0 4294967295 90136575 0 1
2 1 458879 394231807 0 1
4 1 1073741823 1 0 1
4 1 2147483647 1 0 1
1 1 7 2147483647 0 1
3 1 84872975 4294967295 0 1
2 1 6015 23 2 1
4 1 2147483647 16974083 0 1
2 1 17106703 197379 0 1
4 0 16711935 4294967295 0 1
3 0 394215423 16191 0 1
4 1 2147483647 24575 0 1
1 1 65557 18290559 2 1
1 1 273 1 1 1
1 1 65553 4294967295 0 1
1 1 3 4294967295 0 1
3 1 293033471 1250099 0 1
3 1 394215423 4294967295 0 1
4 1 2147483647 4294967295 0 1
1 1 277 4294967295 0 1
4 1 2147483647 4294967295 0 1
0 1 1 65553 2 1
4 1 1610612735 2147483647 0 0
5 0 4294967295 4294967295 0 1
4 0 1061109567 4294967295 0 0
3 1 357924863 357913941 0 0
4 1 2147483647 394231807 0 1
1 1 3 4294967295 0 1
4 0 1061158911 4294967295 0 1
0 1 1 4294967295 0 1
4 1 16777215 1 0 1
4 1 252645135 4129023 0 1
2 1 127 4294967295 0 1
1 1 65543 65793 1 0
1 1 5 4294967295 0 1
3 1 8323327 4294967295 0 1
4 1 858993459 65555 0 0
2 1 16848663 7 2 1
1 1 65799 4294967295 0 1
1 1 5 4294967295 0 1
2 1 1807 4294967295 0 1
3 1 54476799 1513343 0 1
1 1 65539 4294967295 0 0
0 1 1 118427407 0 1
3 1 3855 360677375 0 0
0 1 1 2147483647 0 1
1 1 261 127 1 1
2 1 1376341 329045 0 1
0 1 1 6015 2 0
1 1 65557 4294967295 0 1
3 1 288568115 360666623 0 1
1 1 65559 5951 2 1
5 0 4294967295 4294967295 0 1
0 1 1 4294967295 0 1
3 1 322114355 277 0 1
0 1 1 252645135 1 1
3 1 394231679 2147483647 0 1
0 0 1 16711935 0 1
4 1 2147483647 4294967295 0 1
5 0 4294967295 1 0 1
4 0 858993459 65799 0 0
1 1 65811 4294967295 0 1
2 1 17106181 4294967295 0 1
5 0 4294967295 1431655765 0 1
1 1 65555 4294967295 0 1
0 1 1 1 4 1
3 1 84238175 18159487 0 0
2 1 1376277 16974595 0 1
1 1 65553 4294967295 0 1
3 1 357913941 17106703 0 1
0 1 1 1 3 1
0 1 1 16777215 0 1
5 0 4294967295 1 0 1
4 1 1431655765 4294967295 0 0
3 1 32767 4294967295 0 1
1 1 65559 1431655765 0 1
4 1 2147483647 4294967295 0 1
4 1 2147483647 1919 0 1
2 1 1114231 1600126975 0 1
3 1 357897557 263 1 1
2 1 16979263 16711935 0 1
0 1 1 65543 1 1
1 1 21 65797 2 1
2 1 328965 4294967295 0 1
3 1 353730431 4294967295 0 1
3 1 360650111 6226175 0 1
1 1 65799 4294967295 0 1
5 0 4294967295 1799 0 1
0 1 1 18290559 3 1
0 1 1 65541 4 1
5 0 4294967295 4294967295 0 1
5 0 4294967295 4294967295 0 1
1 1 273 1 4 1
4 1 2147483647 353730431 0 1
0 1 1 4294967295 0 1
3 1 394231807 394231807 0 1
3 1 394229759 4294967295 0 1
2 1 18289535 4294967295 0 0
0 1 1 1 5 1
2 1 196671 4294967295 0 1
4 1 2147483647 4294967295 0 1
5 0 4294967295 4294967295 0 1
1 1 257 4294967295 0 1
5 0 4294967295 16711935 0 1
1 1 65557 4294967295 0 1
2 1 16844551 360650111 0 1
1 1 261 118456319 0 1
4 1 1442797055 4294967295 0 1
1 1 261 4294967295 0 1
0 1 1 1 2 1
1 1 257 275 3 1
0 1 1 4294967295 0 1
4 1 1610612735 2147483647 0 1
1 1 65553 4294967295 0 1
1 1 277 65559 2 1
1 1 65795 4294967295 0 1
1 1 7 1 3 1
3 1 3342591 4294967295 0 1
4 1 2147483647 4294967295 0 1
1 1 279 2139095039 0 1
3 1 394231679 273 1 1
1 1 65813 17 2 1
2 1 18290047 1 0 1
5 0 4294967295 4294967295 0 1
2 1 18027315 1431655765 0 1
2 0 1114197 4294967295 0 1
3 1 286331153 1 2 1
3 1 32767 2139095039 0 1
0 1 1 1 4 1
1 1 65559 4294967295 0 1
4 1 16711935 17237775 0 1
5 0 4294967295 1 0 1
0 1 1 4294967295 0 1
3 1 32767 252645135 0 0
0 1 1 1 3 1
3 1 290805077 21 0 1
5 0 4294967295 1250067 0 1
2 1 18290455 1 0 1
1 1 19 4294967295 0 1
4 1 65535 4294967295 0 1
0 1 1 4294967295 0 1
5 0 4294967295 4294967295 0 1
0 1 1 4294967295 0 1
3 1 393707519 1 2 1
5 0 4294967295 2147483647 0 1
1 1 65811 987135 0 1
0 1 1 4294967295 0 1
5 0 4294967295 4294967295 0 1
2 1 16979775 85 0 0
0 1 1 16711935 0 1
0 1 1 1 3 1
1 1 7 4294967295 0 1
1 1 23 1 2 1
1 1 65555 118427407 0 1
2 1 17105157 1610612735 0 1
0 1 1 65797 3 1
1 1 65539 4294967295 0 1
1 1 65793 4294967295 0 1
4 0 16711935 4294967295 0 1
2 1 16843009 4294967295 0 1
3 1 394231807 4294967295 0 1
4 0 252645135 65555 0 0
1 1 23 4294967295 0 1
3 1 118427407 4294967295 0 1
1 1 279 4294967295 0 1
0 1 1 16843523 3 1
0 1 1 4294967295 0 1
5 0 4294967295 4294967295 0 1
4 1 2147483647 65811 0 1
0 1 1 4294967295 0 1
5 0 4294967295 1 0 1
4 0 1431655765 1 0 0
5 0 4294967295 1 0 1
4 0 16711935 4294967295 0 1
0 1 1 21 1 1
5 0 4294967295 4294967295 0 1
2 1 17240959 1610612735 0 1
4 0 2139062143 4294967295 0 1
0 1 1 18290559 2 1
4 0 2147483647 4294967295 0 1
4 1 1600085855 4294967295 0 1
4 1 2147483647 4294967295 0 1
0 1 1 4294967295 0 1
5 0 4294967295 2147483647 0 1
2 1 1507455 1 1 1
2 1 18290495 4294967295 0 1
5 0 4294967295 4294967295 0 1
0 0 1 23 2 1
5 0 4294967295 4294967295 0 1
4 1 858993459 4294967295 0 1
4 1 1600085855 1 0 0
4 0 16711935 17241983 0 0
4 0 65535 3355647 0 1
3 1 22015 1376277 0 1
0 1 1 2004318071 0 1
0 1 1 4294967295 0 1
3 1 394231807 2147483647 0 1
1 0 7 65541 0 1
4 0 16711935 4294967295 0 1
2 1 18158933 4294967295 0 1
0 1 1 18023219 2 1
0 1 1 89478485 2 1
4 1 1610612735 4294967295 0 1
4 1 2147483647 4294967295 0 1
1 0 65537 4294967295 0 1
5 0 4294967295 4294967295 0 1
2 1 1507455 4294967295 0 1
4 1 2147483647 1 0 1
5 0 4294967295 4294967295 0 1
0 1 1 2147483647 0 0
3 1 89478485 4294967295 0 1
3 1 325025791 4294967295 0 1
5 0 4294967295 4294967295 0 1
0 1 1 1118481 0 1
3 1 327122943 4294967295 0 1
2 1 460551 1114129 0 1
3 1 387415935 2147483647 0 1
3 1 394231807 2147450879 0 1
2 1 4437 1 1 1
2 1 18027315 4294967295 0 1
3 1 394231807 1 0 1
2 1 16974083 4294967295 0 0
1 1 19 1 1 1
0 1 1 2147483647 0 0
2 1 17105679 4294967295 0 1
5 0 4294967295 18158933 0 1
1 1 65539 18026803 0 1
0 1 1 17896243 0 0
5 0 4294967295 1 0 1
2 1 18290559 18290559 1 1
1 1 3 65809 1 1
3 1 125796351 4294967295 0 1
5 0 4294967295 65809 0 1
4 1 858993459 65537 0 1
2 1 1376341 4883 0 1
3 1 84235605 2147483647 0 1
4 1 2147450879 1 0 1
1 1 65797 4294967295 0 1
4 1 16711935 4294967295 0 1
3 0 353719637 4294967295 0 1
3 1 357913941 4294967295 0 1
5 0 4294967295 4294967295 0 1
3 0 286331153 322122547 0 1
0 1 1 17 3 1
5 0 4294967295 1 0 1
3 1 3342387 4294967295 0 1
0 0 1 4294967295 0 1
1 1 17 4294967295 0 1
1 1 5 1 3 1
3 1 118427407 4294967295 0 1
4 0 1431699455 51 0 0
4 1 16711935 4294967295 0 1
1 1 65793 4294967295 0 1
0 1 1 4294967295 0 1
3 1 394231807 4294967295 0 0
0 1 1 65815 3 1
2 1 16843523 8355839 0 1
4 0 1600126975 4294967295 0 1
5 0 4294967295 16711935 0 1
3 1 286357367 4294967295 0 1
2 1 17106181 4294967295 0 1
4 1 2004318071 4294967295 0 0
0 1 1 4294967295 0 1
2 1 18158933 118427407 0 1
5 0 4294967295 4294967295 0 1
1 1 19 4294967295 0 1
1 1 65795 2139095039 0 1
1 1 5 8323327 0 0
4 1 1431655765 4294967295 0 0
4 1 2147483647 2147483647 0 1
2 1 1507423 4294967295 0 1
3 0 3855 4294967295 0 1
2 1 328965 65539 0 1
5 0 4294967295 2147483647 0 1
5 0 4294967295 4294967295 0 1
0 1 1 4294967295 0 1
0 1 1 4294967295 0 1
2 1 329055 4294967295 0 1
4 0 1431655765 4294967295 0 0
1 1 65559 4294967295 0 1
2 1 1250099 4294967295 0 0
0 1 1 65535 1 1
4 1 252645135 275 0 0
1 1 263 18154837 0 1
2 1 51 4294967295 0 1
2 1 5911 23 1 1
2 1 1807 6007 0 1
0 1 1 7 3 1
0 1 1 4294967295 0 1
1 1 3 1 1 1
3 1 4129023 18158933 0 1
3 1 394231807 4294967295 0 1
2 1 18285375 4294967295 0 1
3 1 322122547 4294967295 0 1
4 1 2147483647 2013265919 0 1
2 1 1507423 65537 1 1
3 1 125767679 4294967295 0 1
1 1 17 4294967295 0 1
3 1 53674803 322142207 0 0
2 0 327685 392126303 0 0
1 1 65811 4294967295 0 1
0 1 1 63 2 1
3 1 327103487 4294967295 0 1
2 1 458767 125796351 0 0
4 1 2147483647 858993459 0 1
0 1 1 4991 2 1
3 1 90136575 4294967295 0 1
0 1 1 16711935 1 1
4 1 2139095039 4294967295 0 1
1 1 65539 4294967295 0 1
5 0 4294967295 4294967295 0 1
4 1 858993459 1431655765 0 1
4 1 2147483647 4294967295 0 1
4 1 1610612735 4294967295 0 1
3 1 8355839 4294967295 0 1
3 1 288559411 4294967295 0 1
3 1 322122547 1 0 1
1 1 65543 4294967295 0 1
5 0 4294967295 1 0 1
2 1 18290559 4294967295 0 1
4 1 16711935 16711935 0 1
4 1 1431655765 390029311 0 0
4 0 859045887 4294967295 0 0
3 1 394231807 7 1 1
0 1 1 4294967295 0 1
4 1 858993459 4294967295 0 1
0 1 1 50529027 0 1
2 1 460559 2013265919 0 1
4 0 858993459 4294967295 0 1
5 0 4294967295 4294967295 0 1
5 0 4294967295 32767 0 1
4 1 16777215 4294967295 0 0
4 1 2147483647 16711935 0 0
2 1 15 4294967295 0 1
1 1 259 4294967295 0 1
1 1 65815 4294967295 0 1
3 1 394231807 4294967295 0 1
4 1 858993459 4294967295 0 0
4 1 2139095039 21 0 1
1 1 65539 4294967295 0 1
3 1 393707519 84215045 0 1
2 1 1114129 4294967295 0 0
3 1 118456319 2013265919 0 1
4 0 1431655765 4294967295 0 1
5 0 4294967295 18022675 0 1
4 1 268435455 4294967295 0 1
2 1 18286455 4294967295 0 1
5 0 4294967295 1 0 1
5 0 4294967295 2147483647 0 1
3 1 394231807 1 2 1
2 0 16843523 32767 0 1
4 1 2147483647 4294967295 0 1
2 1 1250067 279 0 1
3 1 288577023 4294967295 0 1
4 1 2147483647 7829503 0 1
4 0 1431655765 4294967295 0 0
5 0 4294967295 65797 0 1
4 1 2147483647 17105157 0 1
5 0 4294967295 4294967295 0 1
5 0 4294967295 4294967295 0 1
5 0 4294967295 1 0 1
4 1 1073741823 1431655765 0 0
3 1 394223615 15 0 0
4 1 1073692671 4294967295 0 0
3 0 320017171 1 1 1
4 0 252645135 4294967295 0 0
0 1 1 394231807 1 1
3 1 322142207 8323327 0 1
4 1 2139095039 4294967295 0 1
0 1 1 1 2 1
5 0 4294967295 4294967295 0 1
3 1 4129023 3 0 1
4 1 268374015 4294967295 0 1
1 1 65555 1 1 1
1 1 279 2147450879 0 1
2 1 18027315 4294967295 0 0
2 1 6015 4294967295 0 1
3 1 51331071 4294967295 0 1
2 1 1114129 65553 1 1
0 1 1 1381717 0 1
2 1 18158869 18285375 0 0
3 1 394223615 4294967295 0 1
4 1 1431655765 4294967295 0 1
4 1 16711935 18290559 0 0
2 1 4883 4294967295 0 1
2 1 6015 1073692671 0 1
0 1 1 1 3 1
2 1 458767 1 0 1
4 1 1610612735 4294967295 0 1
2 1 1381759 279 0 1
4 0 16711935 4294967295 0 0
3 1 360650111 1 0 0
0 1 1 4294967295 0 1
0 1 1 4294967295 0 1
5 0 4294967295 1 0 1
5 0 4294967295 65553 0 1
1 1 19 4294967295 0 1
0 1 1 4294967295 0 1
3 1 84238175 4294967295 0 1
5 0 4294967295 13107 0 1
3 1 4129023 4294967295 0 1
1 1 277 18289015 1 1
0 1 1 4294967295 0 1
3 1 118427407 4294967295 0 1
1 0 17 4294967295 0 1
1 1 65543 357913941 0 1
1 1 65555 394231679 0 1
4 1 2147483647 18022675 0 1
0 1 1 4294967295 0 1
1 1 65795 4294967295 0 1
1 1 65809 4294967295 0 1
5 0 4294967295 1 0 1
4 1 2013265919 18154837 0 1
5 0 4294967295 54476799 0 1
5 0 4294967295 19 0 1
1 1 65537 4294967295 0 0
3 1 357913941 4294967295 0 1
4 1 2147483647 4294967295 0 0
0 1 1 4294967295 0 1
5 0 4294967295 4294967295 0 1
3 1 32767 4294967295 0 1
3 1 393707519 5570815 0 1
5 0 4294967295 286331153 0 1
1 1 257 4294967295 0 1
3 1 4144959 1376277 0 0
1 1 65809 18158933 0 1
3 1 394231807 4294967295 0 0
3 1 393705335 32767 0 1
4 1 2147450879 4294967295 0 0
2 0 771 4294967295 0 1
2 1 5951 4294967295 0 1
4 1 2139095039 4294967295 0 1
4 1 2013265919 394231807 0 1
2 0 127 125796351 0 1
3 1 394215423 1807 0 1
4 1 65535 17892693 0 1
4 1 2139095039 4294967295 0 1
3 1 394231807 4294967295 0 1
0 1 1 4294967295 0 1
1 1 65539 16711935 0 1
2 1 18285375 18290559 0 0
0 1 1 16711935 0 0
2 1 18290455 4294967295 0 1
4 1 2147483647 1 0 1
4 1 2147483647 277 0 1
3 1 357924863 4294967295 0 1
5 0 4294967295 1431655765 0 1
1 1 261 4294967295 0 1
0 1 1 4294967295 0 1
3 1 290813951 4294967295 0 1
1 1 19 1 4 1
3 1 390010687 4294967295 0 1
0 0 1 1 4 1
4 1 2147483647 18159487 0 1
3 1 394231807 4294967295 0 1
3 1 327122943 4294967295 0 1
1 1 65811 2147483647 0 1
1 1 65815 4294967295 0 1
4 1 2147483647 4294967295 0 1
3 0 3355647 4294967295 0 1
1 1 275 357913941 0 1
3 1 8323327 4294967295 0 1
2 1 1507447 4294967295 0 0
4 1 2147483647 4294967295 0 0
2 1 17106703 4294967295 0 1
4 1 2147483647 4294967295 0 1
2 1 63 4294967295 0 1
5 0 4294967295 65799 0 1
1 1 17 2147483647 0 1
3 1 394231679 1 0 1
3 1 387413879 4294967295 0 1
5 0 4294967295 275 0 1
0 1 1 4294967295 0 1
5 0 4294967295 2147483647 0 1
3 1 50529027 4294967295 0 0
1 1 3 4294967295 0 1
2 1 6015 2147483647 0 1
0 1 1 394231807 0 1
3 1 327122815 4294967295 0 1
2 1 18157909 4294967295 0 0
4 1 2147450879 4294967295 0 1
3 1 394223615 2139095039 0 0
1 1 3 4294967295 0 1
4 1 2139095039 65815 0 0
3 1 118425359 2147483647 0 1
0 1 1 4294967295 0 1
1 1 273 30583 1 1
4 1 2139095039 4294967295 0 1
5 0 4294967295 4294967295 0 1
3 1 54473727 390037503 0 1
0 1 1 4294967295 0 0
2 1 17237775 1 2 1
3 1 125767679 858993459 0 1
0 1 1 1 5 1
3 1 4129023 4294967295 0 1
3 1 53690367 4294967295 0 1
0 1 1 4294967295 0 1
4 1 2147483647 65815 0 1
1 1 65809 1 3 1
5 0 4294967295 4294967295 0 1
4 0 252645135 65797 0 1
4 1 2147483647 65799 0 1
0 1 1 4294967295 0 0
2 1 196611 4294967295 0 1
0 0 1 4294967295 0 1
2 1 6015 859045887 0 1
5 0 4294967295 390035455 0 1
1 1 261 16711935 0 1
1 1 277 4294967295 0 1
4 1 872363007 65811 0 0
0 1 1 1610571775 0 1
5 0 4294967295 3 0 1
2 1 18286463 65559 2 1
3 1 293042039 4294967295 0 1
2 1 16978739 65535 0 1
4 1 1610612735 4294967295 0 1
2 1 6007 4294967295 0 0
3 1 394231807 4294967295 0 1
1 1 275 1 2 1
5 0 4294967295 2147483647 0 1
4 1 2147483647 4294967295 0 1
1 1 7 357924863 0 1
5 0 4294967295 4294967295 0 1
2 1 18290559 4294967295 0 1
1 1 65539 4294967295 0 1
2 1 17105157 4294967295 0 1
3 1 394205055 2147483647 0 1
5 0 4294967295 2004318071 0 1
3 1 394231807 4294967295 0 1
1 1 23 4294967295 0 1
4 1 1600126975 5911 0 1
3 1 357913941 1610571775 0 1
2 1 1507391 4294967295 0 1
0 1 1 127 3 1
2 1 18158933 4294967295 0 0
3 1 360660991 4294967295 0 1
4 1 2147483647 4294967295 0 1
3 1 394231679 4294967295 0 1
4 0 252645135 4294967295 0 0
5 0 4294967295 4294967295 0 1
2 1 1245235 4294967295 0 1
2 1 17895697 1061109567 0 1
5 0 4294967295 4294967295 0 1
1 1 5 4294967295 0 1
3 1 90136575 4294967295 0 1
0 1 1 196659 0 1
4 1 2147483647 65795 0 1
4 1 872415231 1 0 1
0 1 1 65815 3 1
2 1 328975 8355839 0 1
4 0 252645135 4294967295 0 1
3 1 360677375 2147483647 0 1
0 1 1 4294967295 0 1
2 1 17106181 2147483647 0 1
4 1 858993459 4294967295 0 1
2 1 17241983 18158933 0 1
1 1 21 4294967295 0 1
5 0 4294967295 4294967295 0 1
0 1 1 13107 0 1
0 1 1 4369 1 1
4 1 2147483647 4294967295 0 1
1 1 5 4294967295 0 0
2 1 17895697 4294967295 0 1
1 1 19 357897557 1 1
1 1 5 4294967295 0 1
3 1 53687091 4294967295 0 1
0 1 1 2147483647 0 1
3 0 3342591 4294967295 0 1
4 0 858993459 5570645 0 1
4 0 16711935 4294967295 0 1
2 1 18289535 4294967295 0 1
3 1 394215423 4294967295 0 1
0 1 1 4294967295 0 1
0 1 1 4294967295 0 1
1 1 65559 4294967295 0 1
2 1 16848149 4294967295 0 1
2 1 1507391 2147483647 0 1
1 1 21 4294967295 0 1
0 1 1 4294967295 0 1
4 1 16777215 320025395 0 0
0 1 1 4294967295 0 1
0 1 1 4294967295 0 1
3 1 394231679 1 0 1
2 1 1250067 4294967295 0 1
0 1 1 54476799 0 1
5 0 4294967295 2147483647 0 1
3 1 286331153 353719637 0 0
5 0 4294967295 268374015 0 1
1 1 273 4294967295 0 1
4 1 2147483647 4294967295 0 1
1 1 65811 4294967295 0 1
5 0 4294967295 4294967295 0 1
2 1 17895697 4294967295 0 1
1 1 65797 4294967295 0 1
3 1 394231807 4294967295 0 1
3 1 357897557 4294967295 0 1
0 1 1 1073741823 0 1
0 1 1 4294967295 0 1
0 1 1 4294967295 0 1
4 1 2013231103 4294967295 0 1
0 1 1 4294967295 0 1
0 1 1 4294967295 0 1
0 1 1 1 5 1
2 1 1807 4294967295 0 1
3 1 32767 4294967295 0 1
3 1 393707519 1 0 1
4 1 2147483647 394215423 0 1
5 0 4294967295 4294967295 0 1
1 1 65541 4294967295 0 1
4 1 2139095039 4294967295 0 0
4 1 2147483647 4294967295 0 1
4 1 65535 4294967295 0 1
1 1 65799 2147483647 0 1
3 1 360677375 4294967295 0 1
0 1 1 2147483647 0 1
3 0 84215045 1 0 0
4 1 1073741823 4294967295 0 0
0 0 1 65535 0 1
3 1 293042039 17237767 0 1
5 0 4294967295 4294967295 0 1
3 1 394231807 4294967295 0 1
1 1 65793 4294967295 0 1
5 0 4294967295 4294967295 0 1
0 1 1 1 3 1
4 1 1610571775 1 0 1
2 1 127 1431655765 0 1
3 1 394231807 4294967295 0 1
0 1 1 4294967295 0 1
0 1 1 1 2 1
3 1 357913941 4294967295 0 1
1 1 7 327765 0 1
2 1 460559 4294967295 0 1
2 1 1376319 4294967295 0 1
4 0 252645135 4294967295 0 1
1 1 65559 1 2 1
1 1 65813 4294967295 0 1
2 1 18027283 4294967295 0 1
5 0 4294967295 4294967295 0 1
3 1 117903119 7 0 0
1 1 65811 4294967295 0 1
2 1 6015 273 2 1
2 1 17241471 4294967295 0 1
5 0 4294967295 15 0 1
1 1 65539 4294967295 0 1
5 0 4294967295 1 0 1
0 1 1 858993459 0 1
4 1 2147483647 1507455 0 1
2 1 460551 4294967295 0 1
4 1 1431699455 4129023 0 0
0 1 1 16844551 1 1
0 1 1 4294967295 0 1
5 0 4294967295 1381759 0 1
1 1 65811 118425359 0 1
4 1 2147483647 1 1 1
5 0 4294967295 1 0 1
4 1 2147483647 4294967295 0 1
1 1 65811 18286463 0 1
4 0 858993459 390037503 0 0
2 1 1507455 2004318071 0 1
4 1 2147483647 4294967295 0 1
4 1 252645135 4294967295 0 0
5 0 4294967295 2013265919 0 1
2 0 16974595 4294967295 0 1
3 1 13311 4294967295 0 1
3 1 118427407 4294967295 0 1
4 1 1073741823 394223615 0 1
1 1 277 4294967295 0 1
3 1 322122547 89478485 0 1
2 1 327685 4294967295 0 1
5 0 4294967295 261 0 1
4 0 252645135 4294967295 0 1
3 1 32767 4294967295 0 1
2 1 458767 4294967295 0 1
2 1 17106181 4294967295 0 1
0 1 1 4294967295 0 1
1 1 21 65537 3 1
5 0 4294967295 1 0 1
0 1 1 4294967295 0 1
0 1 1 4294967295 0 1
5 0 4294967295 4294967295 0 1
4 1 2147483647 4294967295 0 1
2 0 327685 4294967295 0 1
3 1 394231807 19 0 1
2 1 18158933 1 0 1
1 1 65811 1 2 1
2 1 17236231 1 3 1
0 1 1 65555 3 1
0 0 1 4294967295 0 1
2 1 1376341 4294967295 0 1
4 1 2147483647 4294967295 0 1
2 1 17896243 4294967295 0 1
4 1 2147483647 4403 0 1
5 0 4294967295 4294967295 0 1
2 1 1807 1 3 1
0 1 1 4294967295 0 1
0 1 1 1 4 1
5 0 4294967295 1 0 1
2 1 1381717 1431655765 0 1
0 1 1 4294967295 0 1
0 1 1 394223615 2 1
3 1 32767 4294967295 0 1
5 0 4294967295 4294967295 0 1
5 0 4294967295 1610612735 0 1
5 0 4294967295 1073741823 0 1
1 1 261 4294967295 0 1
5 0 4294967295 4294967295 0 1
4 0 16711935 4294967295 0 1
0 1 1 322114355 0 1
3 0 90136575 1 0 1
2 1 18028415 4294967295 0 1
4 1 2147483647 4294967295 0 1
2 1 196671 390037503 0 1
0 1 1 327685 3 1
1 1 65795 1 3 1
3 1 394231807 831 0 1
0 1 1 2147483647 0 1
0 1 1 4294967295 0 1
4 0 1610571775 4294967295 0 1
3 1 54461247 1 0 0
3 1 118427407 4294967295 0 1
4 1 2147483647 2147483647 0 1
2 1 17237775 4294967295 0 1
1 1 65553 4294967295 0 1
4 1 268435455 4294967295 0 1
4 1 2147450879 4294967295 0 1
0 1 1 4294967295 0 1
3 1 393705335 4294967295 0 0
2 1 17896789 4294967295 0 1
5 0 4294967295 4294967295 0 1
0 1 1 1431655765 0 1
4 1 2147483647 4294967295 0 1
1 1 273 1 1 1
2 1 18158869 4294967295 0 1
2 1 460559 17237767 0 1
0 1 1 4294967295 0 1
3 1 392132607 4294967295 0 1
5 0 4294967295 1 0 1
0 1 1 4294967295 0 1
5 0 4294967295 4294967295 0 1
0 1 1 4294967295 0 1
1 1 275 1507423 2 1
1 1 65813 293042175 0 1
3 1 293042039 2147483647 0 0
1 1 275 4294967295 0 1
2 1 17105157 4294967295 0 1
3 1 8355839 4294967295 0 1
5 0 4294967295 4294967295 0 1
4 0 252645135 2147483647 0 0
5 0 4294967295 4294967295 0 1
5 0 4294967295 4294967295 0 1
5 0 4294967295 4294967295 0 1
0 1 1 4294967295 0 1
2 1 1376341 1 1 1
5 0 4294967295 4294967295 0 1
4 1 16711935 65799 0 0
4 1 65535 1 0 1
5 0 4294967295 65555 0 1
0 1 1 1 2 1
4 1 65535 4294967295 0 0
3 1 353730431 4294967295 0 1
1 1 21 4294967295 0 0
4 1 2147450879 394229759 0 1
4 1 1061109567 4294967295 0 1
3 1 293042175 4294967295 0 1
3 1 393707519 4294967295 0 1
2 1 460559 1442797055 0 1
5 0 4294967295 8355839 0 1
0 1 1 4294967295 0 1
5 0 4294967295 89478485 0 1
1 1 259 17896789 2 1
3 1 90116095 458759 1 1
1 1 275 4294967295 0 1
3 0 90136575 118427407 0 1
0 1 1 1431655765 1 1
4 1 16777215 1 1 1
4 0 1431655765 4294967295 0 0
0 1 1 2147483647 1 1
0 1 1 2147483647 0 1
5 0 4294967295 4294967295 0 1
4 1 858993459 1 0 1
3 1 293042175 4294967295 0 1
2 1 16978227 4294967295 0 1
0 1 1 4294967295 0 1
3 1 125796223 1 0 1
4 1 2147483647 4294967295 0 1
5 0 4294967295 1 0 1
3 1 357924863 17895697 0 1
4 1 268374015 4294967295 0 0
3 1 293042039 1 0 0
1 1 277 4294967295 0 0
4 1 2139095039 65555 0 1
5 0 4294967295 4294967295 0 1
0 1 1 4294967295 0 1
5 0 4294967295 460559 0 1
3 1 357913941 4294967295 0 1
4 1 65535 4294967295 0 0
4 1 858993459 1 0 0
5 0 4294967295 1 0 1
4 1 2013265919 4294967295 0 1
5 0 4294967295 1114197 0 1
0 1 1 327103487 0 1
3 1 394231807 4294967295 0 1
2 0 771 2013265919 0 1
0 1 1 4294967295 0 1
5 0 4294967295 19 0 1
3 1 390020927 4294967295 0 0
0 1 1 1507423 0 1
4 1 2147483647 4294967295 0 1
4 1 1610612735 4294967295 0 1
1 1 65799 4294967295 0 0
2 1 1381759 1 1 0
0 1 1 4294967295 0 1
1 1 19 5 1 1
2 1 819 4294967295 0 1
4 1 2147483647 65541 0 1
5 0 4294967295 4294967295 0 1
0 1 1 4294967295 0 1
4 1 2147450879 859045887 0 1
2 1 5983 1610612735 0 1
1 1 21 65795 1 1
1 1 65813 4294967295 0 1
4 0 16711935 4294967295 0 1
1 1 65793 18290559 1 1
5 0 4294967295 4294967295 0 1
4 1 16777215 4294967295 0 1
4 1 2147483647 18158933 0 1
0 1 1 4294967295 0 1
2 0 329055 90136575 0 1
3 1 117931903 4294967295 0 1
3 1 84872975 4294967295 0 1
4 1 2147483647 1 0 0
4 1 2147483647 288568115 0 1
1 1 279 4294967295 0 1
3 1 53674803 4294967295 0 1
4 0 16711935 4294967295 0 0
4 1 858993459 4294967295 0 0
3 1 84870415 4294967295 0 1
4 1 252645135 4294967295 0 1
4 1 2147483647 1061109567 0 1
0 1 1 4294967295 0 1
4 0 65535 4294967295 0 1
4 1 1431655765 4294967295 0 1
3 1 387389207 2013265919 0 1
4 0 2013231103 4294967295 0 0
0 1 1 4294967295 0 1
4 1 2004353023 16974595 0 1
0 1 1 252645135 0 1
3 1 394231807 5 1 1
5 0 4294967295 4294967295 0 1
1 1 65539 65553 0 1
3 1 54461247 4294967295 0 1
1 1 21 4294967295 0 1
3 1 293042175 4294967295 0 1
1 1 17 4294967295 0 1
4 1 2013265919 4294967295 0 1
0 1 1 4294967295 0 1
2 1 127 65813 0 1
4 1 2147483647 4294967295 0 1
0 1 1 4294967295 0 1
2 1 1381717 4294967295 0 1
1 1 65813 252706815 0 1
4 1 2147483647 65555 0 1
0 1 1 255 0 1
2 1 18153749 4294967295 0 0
5 0 4294967295 4294967295 0 1
3 1 322142207 4294967295 0 1
4 1 1431655765 4294967295 0 0
0 0 1 4294967295 0 1
3 0 3342387 1 0 0
2 1 197391 4294967295 0 1
2 1 328965 84872975 0 1
5 0 4294967295 858993459 0 1
4 1 1073741823 4294967295 0 1
5 0 4294967295 21845 0 1
4 0 65535 1381759 0 1
4 1 1610612735 4294967295 0 1
3 0 393707519 4294967295 0 1
1 1 65809 4294967295 0 1
2 1 17236751 4294967295 0 1
1 1 277 4294967295 0 1
0 1 1 4294967295 0 1
4 1 2147483647 4294967295 0 1
4 1 2147483647 65539 0 0
4 1 2147483647 4294967295 0 1
1 1 65541 4294967295 0 1
3 1 8355839 4294967295 0 1
0 1 1 4294967295 0 1
5 0 4294967295 4294967295 0 1
1 0 65543 4294967295 0 0
1 1 7 1 1 1
3 1 394231807 17241983 0 1
1 1 65811 19 3 1
4 1 2147483647 1 0 0
3 1 360666623 4294967295 0 1
2 1 771 118425359 0 1
0 1 1 1 4 0
4 1 2147483647 4294967295 0 1
5 0 4294967295 4294967295 0 1
1 1 65797 4294967295 0 1
2 1 17105679 831 0 1
5 0 4294967295 4294967295 0 1
2 1 1507447 4294967295 0 1
4 1 252706815 2147483647 0 1
5 0 4294967295 394229759 0 1
1 1 65815 4294967295 0 1
5 0 4294967295 4294967295 0 1
2 1 458767 4294967295 0 1
0 1 1 4294967295 0 1
2 1 127 4294967295 0 0
3 1 394231807 2147483647 0 1
1 1 21 16711935 0 1
2 1 18026803 252706815 0 1
5 0 4294967295 4294967295 0 1
4 1 2147483647 2147483647 0 1
3 1 3342387 4294967295 0 1
0 1 1 4294967295 0 1
2 1 18289015 1 2 1
1 1 65559 1 1 1
5 0 4294967295 2004318071 0 1
4 1 252645135 4294967295 0 1
0 1 1 4294967295 0 1
5 0 4294967295 4294967295 0 1
2 1 17105157 16975631 0 1
2 1 196611 4294967295 0 0
1 1 65559 4294967295 0 1
2 1 16979775 4294967295 0 1
0 1 1 4294967295 0 1
0 1 1 17237767 0 1
0 1 1 1073692671 0 1
5 0 4294967295 4294967295 0 1
3 1 8323327 4294967295 0 0
0 1 1 1431655765 0 1
2 1 18290495 1 3 1
0 1 1 4294967295 0 1
3 1 3355443 1376341 0 1
4 1 2147483647 4294967295 0 1
0 1 1 4294967295 0 1
0 1 1 4294967295 0 1
4 1 2147483647 1 0 1
5 0 4294967295 1118549 0 1
2 1 1118583 357913941 0 1
4 1 1431655765 4294967295 0 0
4 1 16777215 17896789 0 1
3 1 322122547 65537 0 1
0 1 1 65535 0 1
4 1 1431655765 322114355 0 0
1 1 65815 2147483647 0 1
5 0 4294967295 4294967295 0 1
0 1 1 16711935 0 1
3 1 50529027 4294967295 0 1
0 1 1 4294967295 0 1
2 1 1118515 1061158911 0 1
5 0 4294967295 4294967295 0 1
2 1 6015 819 0 1
3 1 8323199 327122943 0 1
2 1 18289983 4294967295 0 1
5 0 4294967295 4294967295 0 1
1 1 273 4294967295 0 1
2 1 458767 2147450879 0 1
3 1 394215423 4369 0 1
5 0 4294967295 16777215 0 1
5 0 4294967295 4294967295 0 1
3 1 51315471 4294967295 0 1
3 1 393707519 1 2 1
4 1 16777215 7829503 0 1
5 0 4294967295 4294967295 0 1
2 1 16844037 4294967295 0 1
1 1 65555 4294967295 0 1
4 0 1431655765 872363007 0 1
3 1 356466495 4294967295 0 1
3 1 290796543 16975631 0 1
4 0 1431655765 4294967295 0 1
2 0 196611 819 0 1
5 0 4294967295 771 0 1
5 0 4294967295 1507455 0 1
4 1 2147483647 4294967295 0 0
0 1 1 4294967295 0 1
1 1 7 4294967295 0 1
2 1 18285375 4294967295 0 1
1 1 277 4294967295 0 1
5 0 4294967295 1610612735 0 1
3 1 393707519 4294967295 0 1
0 1 1 4294967295 0 1
0 1 1 4294967295 0 1
4 1 2147483647 4294967295 0 1
3 1 390037503 65535 0 1
5 0 4294967295 4294967295 0 1
3 1 320036703 4294967295 0 1
4 0 1442797055 4294967295 0 1
2 1 18027283 4294967295 0 1
4 1 2147483647 858993459 0 1
4 1 2147483647 2013265919 0 1
5 0 4294967295 1073741823 0 1
2 1 18289535 353703189 0 1
0 1 1 16711935 0 1
5 0 4294967295 872363007 0 1
2 1 4369 16711935 0 1
5 0 4294967295 4294967295 0 1
5 0 4294967295 17236751 0 1
5 0 4294967295 4294967295 0 1
3 1 322142207 1431655765 0 1
0 1 1 1 2 1
0 1 1 2013265919 0 1
5 0 4294967295 4294967295 0 1
4 1 2147483647 65543 0 1
1 1 65539 1 3 1
1 1 65797 353703189 0 1
3 1 3855 4294967295 0 1
0 1 1 4294967295 0 1
3 1 394215423 2147483647 0 1
5 0 4294967295 65555 0 1
3 1 393705335 65795 0 1
3 1 84891135 17 0 0
3 1 32767 393707519 0 1
0 1 1 4294967295 0 1
5 0 4294967295 4294967295 0 1
0 1 1 18290559 2 1
1 1 65793 4294967295 0 1
4 1 859045887 5 0 0
5 0 4294967295 8355839 0 1
2 1 18289535 872363007 0 1
0 1 1 65539 1 1
0 1 1 286331153 0 1
2 1 18027903 4294967295 0 1
4 0 2147483647 8323327 0 1
0 1 1 4294967295 0 1
5 0 4294967295 4294967295 0 1
0 1 1 394231807 0 1
0 1 1 4294967295 0 1
5 0 4294967295 65557 0 1
0 1 1 394231807 1 1
3 1 3355647 53674803 0 1
2 1 1245235 4294967295 0 1
4 1 1610571775 4294967295 0 1
2 1 18290495 1431655765 0 1
5 0 4294967295 4294967295 0 1
5 0 4294967295 4294967295 0 1
5 0 4294967295 1442797055 0 1
0 1 1 2147483647 0 1
1 1 279 4294967295 0 1
3 1 51318543 18028415 0 1
2 1 458879 4294967295 0 1
1 1 65799 293042039 1 1
3 1 394205055 1 2 1
3 1 394231807 4294967295 0 1
3 0 118427407 65553 1 1
4 1 2147483647 1 0 1
4 0 858993459 4294967295 0 1
4 0 252645135 327685 0 1
1 1 65543 65557 3 1
4 1 1600085855 1 0 1
5 0 4294967295 17110879 0 1
3 1 394231807 4294967295 0 1
2 1 127 252645135 0 1
0 1 1 4294967295 0 1
3 0 13107 4294967295 0 1
3 1 8323327 1376341 0 1
2 1 196611 1431655765 0 1
2 1 1376383 1 0 1
0 0 1 4294967295 0 1
2 0 16979775 1600126975 0 1
3 1 387415935 1 1 1
0 1 1 4294967295 0 1
4 1 65535 4294967295 0 0
5 0 4294967295 4294967295 0 1
4 1 872415231 4294967295 0 1
1 1 65555 4294967295 0 1
4 1 2139095039 4294967295 0 1
0 1 1 18285919 0 1
0 1 1 127 2 1
4 1 252645135 4294967295 0 1
1 1 65553 13107 0 1
4 1 16711935 252645135 0 0
4 1 2139095039 1250175 0 0
4 0 65535 4294967295 0 1
1 1 65557 387407711 0 1
0 1 1 1431655765 0 1
1 1 277 65815 0 1
3 1 51331071 2147450879 0 1
2 1 17895697 4294967295 0 1
5 0 4294967295 4294967295 0 1
4 1 859045887 458879 0 0
2 1 1114129 65797 1 1
3 1 293042175 2013265919 0 1
2 1 16979775 4294967295 0 1
5 0 4294967295 4294967295 0 1
5 0 4294967295 1 0 1
0 1 1 4403 1 1
1 1 65811 255 0 1
0 1 1 1250175 0 1
0 1 1 1431655765 1 1
2 1 16974595 4294967295 0 1
3 1 394215423 4294967295 0 1
1 0 65815 387399487 0 1
2 1 18027315 65555 2 1
2 1 4403 392107871 0 1
1 1 273 252645135 0 1
5 0 4294967295 2147483647 0 1
0 1 1 16711935 1 1
1 1 65795 4294967295 0 1
3 1 125767679 4294967295 0 1
5 0 4294967295 1250099 0 1
1 1 259 4294967295 0 1
0 1 1 4294967295 0 1
2 1 17106181 1610571775 0 0
1 1 5 4294967295 0 1
4 0 16711935 4294967295 0 0
3 1 394231807 1 2 1
2 1 1285 65557 0 0
1 1 65795 257 1 1
1 1 275 4294967295 0 1
2 1 18289503 32767 0 1
1 1 277 4294967295 0 1
2 1 17237767 2147483647 0 1
2 1 18158933 1061109567 0 1
1 1 65543 51 2 1
2 1 18290559 1 3 1
0 1 1 4294967295 0 1
0 1 1 1 5 1
3 1 360677375 4294967295 0 1
4 1 2147483647 4294967295 0 1
3 1 125796351 4294967295 0 1
0 1 1 1431655765 1 1
0 1 1 320025395 2 1
2 1 85 4294967295 0 1
1 1 273 4294967295 0 1
3 0 3342387 1 2 1
2 1 17236231 4294967295 0 1
2 1 458767 4294967295 0 1
1 1 65559 1 1 1
2 1 18286463 4294967295 0 1
2 1 6007 4294967295 0 1
4 1 16777215 2147483647 0 1
1 1 5 4294967295 0 1
2 1 18290559 4294967295 0 1
2 0 18286455 261 2 1
3 1 53678079 4294967295 0 1
3 1 394231807 4294967295 0 0
2 1 127 4294967295 0 1
2 1 18157909 1 2 1
1 1 65541 4294967295 0 0
2 1 196623 4294967295 0 1
2 1 18290455 2147483647 0 1
2 1 16974595 8355839 0 1
3 1 360666623 387415935 0 1
2 1 5983 4294967295 0 1
3 1 84872975 4294967295 0 1
1 1 65793 4294967295 0 1
2 1 458767 4294967295 0 1
5 0 4294967295 4294967295 0 1
1 1 17 4294967295 0 1
0 1 1 32767 2 1
1 1 275 17240439 1 1
4 1 2147450879 4294967295 0 1
2 1 1507455 4294967295 0 1
5 0 4294967295 17237775 0 1
3 1 327122943 65793 0 1
3 1 357913941 4294967295 0 0
4 0 1442797055 4294967295 0 0
3 1 360677375 4294967295 0 1
2 1 18290559 4294967295 0 0
4 1 252645135 4294967295 0 1
1 1 65813 1 3 1
3 1 125796351 288568115 0 1
3 1 327122943 4294967295 0 1
2 1 458879 4294967295 0 1
4 1 2013265919 4294967295 0 1
4 1 2147483647 4294967295 0 1
3 1 394231807 1 0 1
2 1 458767 118425359 0 1
4 1 2139095039 84870415 0 1
1 1 23 4294967295 0 1
4 1 2147483647 65813 0 1
1 1 273 1431699455 0 1
5 0 4294967295 4294967295 0 1
4 1 1073741823 4294967295 0 1
1 1 65557 4294967295 0 1
5 0 4294967295 4294967295 0 1
4 1 859045887 65539 0 1
4 1 1431655765 4294967295 0 1
3 1 322122547 4294967295 0 1
2 0 197379 1 0 0
0 1 1 4294967295 0 1
5 0 4294967295 394215423 0 1
1 0 277 6015 1 1
4 1 2147483647 4294967295 0 1
3 1 4128831 17110879 0 0
3 1 392134655 4294967295 0 1
5 0 4294967295 2147483647 0 1
1 1 23 2147483647 0 1
4 1 2147483647 4294967295 0 1
3 1 255 872415231 0 1
2 1 18158463 17 1 1
2 1 119 4294967295 0 1
3 1 8323327 4294967295 0 0
4 1 1431655765 4294967295 0 1
1 1 279 1381759 1 1
3 0 5570645 4294967295 0 1
2 1 18290551 393707519 0 1
0 1 1 127 2 1
1 1 273 1 1 1
0 1 1 2147483647 0 1
0 1 1 4294967295 0 1
0 1 1 1 5 1
5 0 4294967295 4294967295 0 1
2 1 458767 4294967295 0 1
1 1 275 65815 0 1
3 1 84238175 4294967295 0 1
5 0 4294967295 65559 0 1
5 0 4294967295 4294967295 0 1
3 1 983055 4294967295 0 1
4 1 2147483647 18286463 0 1
3 1 286339891 286331153 0 1
4 1 1073741823 4294967295 0 0
4 1 2147483647 4294967295 0 1
0 1 1 18028415 2 1
2 1 458879 65811 1 1
5 0 4294967295 4294967295 0 1
3 1 322142207 18290559 0 1
1 1 65797 4294967295 0 1
0 1 1 4294967295 0 1
3 1 3355443 392134655 0 0
4 1 872363007 4294967295 0 1
4 1 16711935 357913941 0 0
1 1 65553 90134015 0 1
0 1 1 4294967295 0 1
0 1 1 4294967295 0 1
3 1 125796351 18290455 0 1
5 0 4294967295 4294967295 0 1
5 0 4294967295 4294967295 0 1
2 1 1245311 4294967295 0 1
1 1 273 1 1 1
1 1 3 390020927 0 1
0 1 1 4294967295 0 1
3 1 53687091 18158463 0 0
4 1 16777215 4294967295 0 0
4 1 2147483647 4294967295 0 1
0 1 1 16711935 1 1
1 1 23 4294967295 0 1
2 1 18290495 65813 0 1
0 1 1 65795 1 1
1 1 65799 4294967295 0 1
0 1 1 65541 3 1
5 0 4294967295 4294967295 0 1
3 1 5592575 4294967295 0 1
2 1 18289535 4294967295 0 1
0 1 1 983055 0 1
3 1 394205055 4294967295 0 1
1 1 65553 5 1 1
5 0 4294967295 4294967295 0 1
0 1 1 4294967295 0 1
3 1 390010687 4294967295 0 1
2 1 783 4294967295 0 1
5 0 4294967295 252645135 0 1
0 0 1 4294967295 0 1
0 1 1 65543 3 0
3 1 360677247 286331153 0 0
3 1 6226015 2147483647 0 1
1 1 263 4294967295 0 1
5 0 4294967295 4294967295 0 1
1 1 65799 4294967295 0 1
0 1 1 1 2 1
5 0 4294967295 4294967295 0 1
4 1 252645135 4294967295 0 1
5 0 4294967295 50541363 0 1
2 1 5461 4294967295 0 1
2 1 18290495 4294967295 0 1
2 1 17895697 1 2 1
3 1 50541363 17237775 0 1
3 1 357913941 1 2 1
1 1 65537 4294967295 0 1
4 0 1442797055 4294967295 0 0
3 1 290787669 65797 0 0
0 1 1 4294967295 0 1
5 0 4294967295 1 0 1
3 1 394231807 4294967295 0 1
3 0 286331153 1 0 1
1 1 19 65559 2 1
2 1 18290559 1610612735 0 1
3 1 392134655 84215045 0 1
0 1 1 4294967295 0 1
0 1 1 17 4 1
5 0 4294967295 1 0 1
3 1 30583 50529027 0 1
2 1 6015 286331153 0 0
4 1 2147483647 4294967295 0 1
3 1 8323327 4294967295 0 1
2 1 17892147 1376277 0 1
5 0 4294967295 3 0 1
0 1 1 18159423 2 1
2 1 18290559 393707519 0 1
4 1 2013265919 4294967295 0 1
2 1 1375 50529027 0 1
1 1 65793 4294967295 0 1
5 0 4294967295 4294967295 0 1
1 1 65553 4294967295 0 1
0 1 1 4294967295 0 1
1 1 65539 324997983 1 1
1 1 257 4294967295 0 1
3 1 394231807 65813 1 1
2 1 1507391 4294967295 0 1
0 1 1 4294967295 0 1
5 0 4294967295 4294967295 0 1
3 0 392126303 4294967295 0 0
0 1 1 4294967295 0 1
2 1 1799 18290559 0 1
0 1 1 4294967295 0 1
3 0 3342387 4294967295 0 0
3 1 54476799 90136575 0 1
3 1 327122943 4294967295 0 1
4 1 872363007 1 0 1
3 1 360666623 4294967295 0 1
0 1 1 4294967295 0 0
1 1 65543 4294967295 0 1
2 1 18157909 4294967295 0 1
1 1 65553 4294967295 0 1
4 1 2147483647 4294967295 0 1
5 0 4294967295 4294967295 0 1
4 1 2147483647 4294967295 0 0
2 1 6007 51318543 0 1
1 1 3 4294967295 0 1
2 1 1807 4294967295 0 1
4 1 2147483647 1431655765 0 1
2 1 327765 252645135 0 1
5 0 4294967295 1061158911 0 1
5 0 4294967295 4294967295 0 1
4 0 252645135 4294967295 0 1
3 1 13107 4294967295 0 0
5 0 4294967295 4294967295 0 1
3 1 394231807 4294967295 0 1
0 1 1 4294967295 0 1
4 1 858993459 4294967295 0 0
4 1 2139062143 4294967295 0 1
0 1 1 4294967295 0 1
4 1 2147483647 4294967295 0 0
1 1 263 4294967295 0 1
4 1 858993459 4294967295 0 1
0 1 1 4294967295 0 1
2 1 5439 4294967295 0 1
1 1 17 1073741823 0 1
1 1 65815 1 4 1
5 0 4294967295 50541363 0 1
4 1 1061158911 4294967295 0 1
5 0 4294967295 1 0 1
0 1 1 394223615 2 1
1 1 3 2147450879 0 0
4 1 2147483647 4294967295 0 1
2 1 1807 4294967295 0 1
0 1 1 16777215 0 1
3 0 89478485 4294967295 0 0
5 0 4294967295 1 0 1
3 1 3355647 17 1 0
3 1 394231807 259 0 1
0 1 1 4294967295 0 1
4 1 2147483647 18028383 0 1
2 1 1381695 4294967295 0 0
0 1 1 1431655765 1 1
0 1 1 1 2 1
0 1 1 4294967295 0 1
4 1 2139095039 4294967295 0 0
2 1 18290551 4294967295 0 1
3 1 394231807 51 0 1
1 1 279 4294967295 0 1
5 0 4294967295 4294967295 0 1
5 0 4294967295 4294967295 0 1
2 1 18289535 2147483647 0 1
3 0 255 65815 1 1
5 0 4294967295 4294967295 0 1
2 1 196659 4294967295 0 1
2 1 1513343 4294967295 0 1
0 1 1 3355443 0 1
3 0 286331153 1 1 1
1 1 65799 4294967295 0 1
5 0 4294967295 65535 0 1
0 1 1 4294967295 0 1
5 0 4294967295 4294967295 0 1
0 1 1 327103487 0 1
5 0 4294967295 2147483647 0 1
1 1 261 5983 1 1
2 1 17896243 394231679 0 1
2 1 17106181 263 1 0
4 1 2147483647 4294967295 0 1
2 1 16979775 4959 0 1
2 1 16974595 4294967295 0 1
4 1 2013231103 290805077 0 0
5 0 4294967295 4294967295 0 1
5 0 4294967295 2147483647 0 1
5 0 4294967295 4294967295 0 1
5 0 4294967295 4294967295 0 1
5 0 4294967295 4294967295 0 1
1 1 257 1 1 1
4 1 1061109567 392126303 0 0
4 1 859045887 328965 0 0
5 0 4294967295 1073692671 0 1
0 1 1 5 4 1
4 1 2147483647 7799039 0 0
2 1 18158933 4294967295 0 1
1 1 65553 390020927 0 0
2 0 51 4294967295 0 1
0 1 1 4294967295 0 1
4 1 859045887 1 0 1
1 1 259 4294967295 0 1
2 1 4915 1431655765 0 1
5 0 4294967295 84872975 0 1
3 1 84217615 4294967295 0 1
0 1 1 1431655765 0 1
2 1 1285 118425359 1 1
5 0 4294967295 4294967295 0 1
4 1 2147483647 4294967295 0 1
2 1 16975119 4294967295 0 1
1 1 263 4294967295 0 0
1 1 65557 4294967295 0 1
2 1 18290559 4294967295 0 1
4 1 2147483647 4294967295 0 1
4 1 2147483647 1 0 1
3 1 394231807 16711935 0 1
2 1 18285375 4294967295 0 1
4 1 2147483647 4294967295 0 0
4 1 2147483647 4294967295 0 1
0 1 1 54464511 1 1
4 1 65535 16711935 0 1
0 0 1 4294967295 0 1
0 1 1 394231807 0 1
3 1 394231807 4294967295 0 1
2 1 18158933 1 3 1
3 1 394215423 261 0 1
5 0 4294967295 2013265919 0 1
0 0 1 4294967295 0 1
2 1 18290559 32767 0 1
5 0 4294967295 859045887 0 1
2 1 18027315 1 0 1
1 1 65797 4294967295 0 1
5 0 4294967295 4294967295 0 1
3 1 394231807 4294967295 0 1
1 1 65795 322142207 0 1
0 1 1 4294967295 0 1
3 1 50544447 4294967295 0 0
4 1 2147483647 4294967295 0 1
5 0 4294967295 4294967295 0 1
2 1 18285919 394223615 0 1
1 1 275 4294967295 0 1
0 1 1 4294967295 0 1
1 1 65543 4294967295 0 1
5 0 4294967295 4294967295 0 1
5 0 4294967295 4294967295 0 1
3 1 89478485 4294967295 0 1
2 1 17110357 2147483647 0 1
1 1 261 858993459 0 1
4 1 2139095039 1507351 0 1
2 1 4915 2139095039 0 1
0 1 1 4294967295 0 1
4 0 858993459 4294967295 0 1
0 1 1 1 4 1
2 1 16847635 4294967295 0 1
1 1 259 4294967295 0 1
0 1 1 4294967295 0 1
0 1 1 127 3 1
4 1 2147483647 293015927 0 1
0 1 1 4294967295 0 1
0 1 1 65553 2 1
4 0 252645135 4294967295 0 1
1 1 19 4294967295 0 1
5 0 4294967295 4294967295 0 1
0 1 1 4294967295 0 1
4 1 2147483647 125796351 0 0
0 1 1 1431655765 0 1
1 1 65541 4294967295 0 1
5 0 4294967295 4294967295 0 1
2 1 18289535 4294967295 0 1
2 1 16979775 4294967295 0 1
4 1 65535 4294967295 0 1
3 1 117901063 259 0 1
5 0 4294967295 4294967295 0 1
5 0 4294967295 327775 0 1
0 1 1 4294967295 0 1
0 1 1 1 4 1
2 1 1245279 1 0 1
0 1 1 4294967295 0 1
5 0 4294967295 4294967295 0 1
2 1 1376383 4294967295 0 1
0 1 1 4294967295 0 1
3 1 387413879 18290551 0 1
0 1 1 1073692671 0 1
1 1 65539 4294967295 0 1
2 1 1250175 4294967295 0 1
0 0 1 4294967295 0 1
0 1 1 4294967295 0 0
5 0 4294967295 6015 0 1
2 1 1118583 360666623 0 1
0 1 1 1376277 0 1
2 1 18159487 4294967295 0 1
5 0 4294967295 4294967295 0 1
4 1 2147483647 322114355 0 1
0 1 1 1 2 1
5 0 4294967295 293042039 0 1
2 1 1114163 986895 0 1
0 1 1 4294967295 0 1
4 1 2147483647 17110357 0 1
4 0 1431655765 4294967295 0 1
2 1 16848149 4294967295 0 1
3 1 54476799 4294967295 0 1
5 0 4294967295 18290559 0 1
2 1 1245235 1 3 1
4 1 2147483647 1 0 1
5 0 4294967295 4294967295 0 1
2 1 1245235 65813 0 0
3 1 84870415 1 0 1
1 1 65809 65799 0 1
0 1 1 65797 2 1
4 1 872415231 327103487 0 1
5 0 4294967295 4294967295 0 1
1 1 65815 1 2 1
5 0 4294967295 1365 0 1
3 1 983055 4294967295 0 0
3 1 24415 4294967295 0 1
0 1 1 65799 1 1
3 1 394231807 4294967295 0 1
0 1 1 1 2 1
4 0 65535 4294967295 0 0
1 1 65811 322122547 0 1
5 0 4294967295 16711935 0 1
0 1 1 1 4 1
1 1 65797 4294967295 0 1
0 1 1 4294967295 0 1
2 1 1365 5461 2 1
1 1 65539 4883 1 1
4 1 65535 4294967295 0 0
1 1 23 4294967295 0 1
5 0 4294967295 4294967295 0 1
2 0 85 252645135 0 1
1 1 65815 4294967295 0 1
5 0 4294967295 65557 0 1
5 0 4294967295 858993459 0 1
3 1 394231807 4294967295 0 1
3 1 84215045 4294967295 0 1
4 0 2139062143 4294967295 0 1
4 1 1600126975 4294967295 0 1
0 1 1 4294967295 0 1
1 1 65543 259 3 1
4 1 2147483647 4294967295 0 1
3 1 8323199 4294967295 0 1
5 0 4294967295 4294967295 0 1
0 1 1 1 4 1
4 1 2147483647 4294967295 0 1
3 1 118427407 4294967295 0 1
1 1 21 4294967295 0 1
1 1 65541 54476799 0 1
4 1 1600126975 4294967295 0 1
3 1 286331153 17892147 0 1
0 1 1 65539 4 1
5 0 4294967295 4294967295 0 1
5 0 4294967295 4129023 0 1
2 1 17241983 4294967295 0 1
2 1 1114163 4294967295 0 1
4 1 2147483647 4294967295 0 0
4 0 252645135 4294967295 0 1
4 1 2147483647 32767 0 1
3 1 32767 1431655765 0 1
0 1 1 4294967295 0 1
3 1 4129023 4294967295 0 1
3 1 357924863 4294967295 0 1
0 1 1 4294967295 0 1
4 1 16711935 4294967295 0 0
3 1 255 1431655765 0 0
4 1 2147483647 2147483647 0 0
4 1 2147483647 277 0 1
5 0 4294967295 65541 0 1
0 1 1 4294967295 0 1
4 1 2147483647 4294967295 0 0
4 0 858993459 4294967295 0 0
2 1 18290551 1 3 1
4 0 858993459 18285375 0 0
5 0 4294967295 4294967295 0 1
5 0 4294967295 65553 0 1
1 0 65795 65555 0 0
0 1 1 4294967295 0 1
2 1 819 8323327 0 1
2 1 1807 4294967295 0 1
4 1 252706815 1 0 0
0 1 1 4294967295 0 1
2 1 6007 84217615 0 0
0 1 1 392134655 2 1
4 1 2147483647 65799 0 0
1 1 65543 4294967295 0 1
0 1 1 4294967295 0 1
2 1 85 392107871 0 1
3 1 8323327 4294967295 0 0
3 1 125796351 65557 0 1
4 1 2147483647 4294967295 0 1
1 1 21 4294967295 0 1
4 0 859045887 1 0 1
4 1 16711935 4294967295 0 0
3 1 394231807 4294967295 0 1
1 1 259 4294967295 0 1
2 1 1507391 4294967295 0 1
3 1 8323327 1 0 1
2 1 17237767 4294967295 0 1
3 0 6226015 320025395 0 1
5 0 4294967295 4294967295 0 1
4 1 16777215 394231807 0 1
3 1 394229759 4294967295 0 1
2 1 18158869 18290551 1 1
1 1 273 4294967295 0 1
3 1 32767 127 0 1
4 1 2013265919 390037503 0 1
2 1 4915 4294967295 0 1
5 0 4294967295 4294967295 0 1
3 1 320017171 4294967295 0 1
4 1 2004353023 4294967295 0 0
2 1 4959 4294967295 0 1
1 1 65813 2013231103 0 1
4 1 2147483647 65795 0 1
1 1 257 394223615 0 0
5 0 4294967295 1 0 1
4 1 65535 4294967295 0 0
5 0 4294967295 4294967295 0 1
3 1 394223615 65539 0 1
4 0 252645135 4294967295 0 1
1 1 259 4294967295 0 1
3 0 84891135 4294967295 0 1
2 1 17110879 4294967295 0 1
4 1 1431655765 4294967295 0 1
3 1 325017439 4294967295 0 1
0 1 1 65553 1 1
0 1 1 4294967295 0 1
5 0 4294967295 4294967295 0 1
1 0 21 4294967295 0 1
3 1 360650111 4294967295 0 1
1 1 65793 18027315 0 0
3 1 357924863 986895 0 0
4 1 2139095039 17 0 1
0 1 1 4294967295 0 1
1 1 65813 5570815 0 1
1 1 23 5911 0 1
5 0 4294967295 4294967295 0 1
3 1 394205055 1 0 1
2 1 1807 65555 2 1
2 1 17105157 65535 0 1
5 0 4294967295 4294967295 0 1
5 0 4294967295 4294967295 0 1
0 1 1 328975 1 1
4 1 2147483647 18290559 0 0
2 1 1376341 1 1 1
1 1 263 4294967295 0 0
0 1 1 4403 1 1
4 1 2147483647 4294967295 0 1
5 0 4294967295 1061109567 0 1
3 1 394229759 6015 0 1
5 0 4294967295 4294967295 0 1
3 1 322114355 18290527 0 0
2 1 4883 4294967295 0 1
5 0 4294967295 2139095039 0 1
5 0 4294967295 17896789 0 1
3 1 118427407 4294967295 0 1
2 1 197379 320036703 0 1
4 1 2147483647 390020927 0 1
2 1 17110879 4294967295 0 1
2 1 197427 4294967295 0 1
5 0 4294967295 4294967295 0 1
0 1 1 1 2 1
5 0 4294967295 4294967295 0 1
0 1 1 4294967295 0 1
3 1 357924863 4294967295 0 1
4 1 1431699455 6226175 0 1
5 0 4294967295 322114355 0 1
0 0 1 322122547 0 1
2 1 85 4294967295 0 1
2 1 18158933 4294967295 0 1
2 1 1507423 1 3 1
1 1 263 4294967295 0 1
0 1 1 65815 1 1
0 1 1 4294967295 0 1
1 1 3 859045887 0 1
1 1 65553 4294967295 0 1
3 1 54476799 4294967295 0 1
2 1 17237775 1610612735 0 1
2 1 17236751 1 0 1
5 0 4294967295 4437 0 1
0 1 1 4294967295 0 1
0 1 1 4294967295 0 1
0 1 1 18290559 3 1
4 1 1073741823 4294967295 0 1
0 1 1 65809 4 1
2 1 1807 4294967295 0 1
2 1 16975631 16777215 0 1
1 1 277 858993459 0 1
0 1 1 4294967295 0 1
3 1 7799039 4294967295 0 1
4 1 2147483647 4294967295 0 1
0 1 1 1 5 1
3 1 89478485 4294967295 0 1
4 1 872415231 4294967295 0 1
2 1 16848149 261 1 1
4 1 2139062143 4294967295 0 1
3 1 90136575 1610612735 0 1
4 1 2147483647 118427407 0 1
2 1 18290559 1 1 1
2 1 4915 18158463 0 1
2 1 16844037 320017171 0 1
3 1 357913941 16711935 0 1
2 1 18158933 4294967295 0 1
2 1 18158869 831 0 1
3 1 6226175 16711935 0 1
0 1 1 50529027 1 1
1 1 65809 4294967295 0 1
4 1 65535 16711935 0 0
1 1 65539 1 4 1
2 1 18158933 4294967295 0 1
3 1 320025395 4294967295 0 0
4 1 1431655765 1245311 0 1
0 1 1 5911 1 1
2 1 1381695 4294967295 0 0
0 1 1 6007 2 1
0 1 1 1431699455 1 1
5 0 4294967295 17110879 0 1
3 1 393705335 3 0 1
5 0 4294967295 4294967295 0 1
4 1 2147483647 4294967295 0 1
3 1 8323199 65813 0 1
2 1 17236751 18158933 0 0
2 1 18290559 125767679 0 1
2 1 18290455 1 1 1
1 1 65539 1 2 1
1 1 5 858993459 0 1
5 0 4294967295 4294967295 0 1
5 0 4294967295 1376277 0 1
2 1 1285 4294967295 0 1
1 1 3 4294967295 0 1
0 1 1 4294967295 0 1
4 0 2004318071 84238175 0 1
1 1 65809 4294967295 0 1
4 1 268435455 4294967295 0 1
5 0 4294967295 4883 0 1
3 1 394231807 4294967295 0 1
1 1 65559 4294967295 0 1
2 1 1285 4294967295 0 1
2 1 1376383 4294967295 0 1
4 1 2013265919 1285 0 1
0 1 1 1061109567 0 1
0 1 1 4294967295 0 1
2 1 18290559 4294967295 0 1
4 1 858993459 290787669 0 1
3 1 89458005 65557 0 0
0 1 1 4294967295 0 1
2 1 4991 858993459 0 1
0 1 1 16843523 1 1
5 0 4294967295 2147450879 0 1
2 1 5461 4294967295 0 1
4 1 1600126975 65797 0 1
1 1 65559 2147483647 0 1
1 1 279 1 2 1
3 1 21845 4294967295 0 0
1 1 21 65797 2 1
2 1 1381653 1 0 0
3 1 986895 4294967295 0 0
0 1 1 4294967295 0 1
4 1 1600126975 4294967295 0 1
3 0 84215045 4294967295 0 1
5 0 4294967295 2004353023 0 1
4 1 65535 329055 0 0
4 0 2147483647 4294967295 0 1
0 1 1 4294967295 0 1
1 1 65813 4294967295 0 1
0 1 1 4294967295 0 1
4 1 2139095039 4294967295 0 0
3 0 320017171 4294967295 0 0
4 1 2147483647 4294967295 0 1
1 1 19 65809 1 1
0 1 1 4294967295 0 1
5 0 4294967295 4294967295 0 1
1 1 257 4294967295 0 0
0 1 1 4294967295 0 1
0 1 1 4294967295 0 0
2 1 1376341 1610612735 0 1
1 1 65797 4294967295 0 1
0 1 1 4294967295 0 1
1 1 65799 4294967295 0 1
2 1 460559 3 0 1
4 1 268435455 4294967295 0 1
4 1 2147483647 4294967295 0 1
4 1 2147483647 4294967295 0 0
3 1 89460735 4294967295 0 1
5 0 4294967295 252645135 0 1
0 1 1 4294967295 0 1
0 1 1 21845 1 1
3 0 3342387 1376277 0 0
5 0 4294967295 23 0 1
2 1 17106181 4294967295 0 1
0 1 1 252706815 0 1
2 1 18158463 4294967295 0 1
0 1 1 1 2 1
4 1 2147483647 4294967295 0 1
0 1 1 2147483647 1 1
2 1 831 1250099 0 1
4 0 252645135 1 0 1
4 1 65535 263 0 0
3 1 320025395 4294967295 0 1
0 1 1 65543 1 1
0 1 1 1 5 1
2 1 1799 2147483647 0 1
1 1 275 4294967295 0 1
2 1 18290559 4294967295 0 1
3 1 360660991 16711935 0 1
5 0 4294967295 4294967295 0 1
2 1 327695 4294967295 0 1
5 0 4294967295 4294967295 0 1
3 1 394229759 18154837 0 1
3 1 394231807 2013265919 0 1
5 0 4294967295 16711935 0 1
1 1 19 2147483647 0 1
0 1 1 118427407 1 1
1 1 65795 4294967295 0 1
0 0 1 16978739 3 1
3 1 30583 4294967295 0 1
3 1 53690367 17237263 0 1
3 1 125272063 16711935 0 1
4 1 1061109567 32767 0 1
3 1 84215045 16979263 0 0
1 1 65793 252645135 1 1
2 1 18158933 4369 1 1
3 1 357913941 17241471 0 0
0 1 1 4294967295 0 1
1 1 273 5 2 0
1 1 65813 1 3 0
1 1 3 4294967295 0 1
1 1 65795 65813 1 1
4 1 1600126975 4294967295 0 0
0 1 1 4294967295 0 1
4 0 1431655765 4294967295 0 1
5 0 4294967295 4294967295 0 1
3 1 357913941 65815 0 1
5 0 4294967295 1073741823 0 1
4 1 2147483647 1507455 0 0
1 1 65539 1600085855 0 1
0 1 1 4294967295 0 1
1 1 261 4294967295 0 1
2 1 1245235 263 0 1
5 0 4294967295 4294967295 0 1
4 1 2004353023 65797 0 1
1 0 23 4294967295 0 1
3 1 394231807 50529027 0 0
5 0 4294967295 21 0 1
2 1 18154837 4294967295 0 1
0 1 1 1431655765 0 1
2 1 783 65799 0 1
3 1 16383 4294967295 0 1
3 1 394229759 2147483647 0 1
2 1 1507455 5397 0 1
0 1 1 4294967295 0 1
1 1 23 4294967295 0 1
1 1 19 4294967295 0 1
1 1 65799 3 3 1
0 1 1 4294967295 0 1
2 1 1250175 4294967295 0 1
3 1 357913941 65809 0 1
5 0 4294967295 4294967295 0 1
2 1 18159487 4294967295 0 1
0 1 1 4294967295 0 1
4 0 1442797055 259 0 0
3 1 54461247 4294967295 0 1
0 1 1 125767679 0 0
5 0 4294967295 4294967295 0 1
1 1 65811 4294967295 0 1
5 0 4294967295 4294967295 0 1
3 1 3342387 4294967295 0 1
4 1 2139095039 85 0 1
3 1 53687091 4294967295 0 1
4 1 1061158911 4294967295 0 0
0 1 1 4294967295 0 1
2 1 5503 4294967295 0 1
4 1 2147483647 13107 0 1
5 0 4294967295 2147483647 0 1
3 1 8323327 118427407 0 0
5 0 4294967295 16711935 0 1
2 1 127 4294967295 0 0
5 0 4294967295 4294967295 0 1
3 1 357897557 65793 0 1
1 1 17 21 3 1
5 0 4294967295 4294967295 0 1
4 1 2139062143 4294967295 0 1
3 1 290805077 286331153 0 1
5 0 4294967295 4294967295 0 1
0 1 1 4294967295 0 1
4 1 2013265919 4294967295 0 1
4 1 872363007 65813 0 0
0 1 1 4294967295 0 1
2 1 1376341 4294967295 0 1
1 1 5 65809 3 1
0 1 1 53687091 2 1
3 1 356472319 4294967295 0 0
2 1 17892693 4294967295 0 1
3 1 390037503 4294967295 0 1
4 1 2147483647 2147483647 0 1
0 1 1 1 5 1
3 1 21845 252645135 0 1
1 1 259 32767 0 1
5 0 4294967295 4294967295 0 1
3 1 394231807 4294967295 0 1
3 1 21845 4294967295 0 0
4 1 2013265919 4294967295 0 1
0 1 1 84215045 0 1
4 1 2147483647 3 0 1
1 1 65815 4294967295 0 1
1 1 263 1 1 1
5 0 4294967295 4294967295 0 1
5 0 4294967295 65813 0 1
3 1 322122547 4294967295 0 1
0 1 1 4294967295 0 1
4 1 2147483647 4294967295 0 1
2 1 1285 4294967295 0 0
5 0 4294967295 4294967295 0 1
0 1 1 16383 2 1
4 1 1442797055 460663 0 1
0 1 1 4294967295 0 1
4 1 2147483647 1 0 1
1 1 7 872363007 0 1
4 1 2147483647 4294967295 0 1
4 1 858993459 4294967295 0 1
0 1 1 32767 2 1
0 1 1 1 5 1
1 1 65815 4294967295 0 1
5 0 4294967295 4294967295 0 1
3 1 13107 1 1 1
0 1 1 4294967295 0 1
3 1 394205055 4294967295 0 1
0 1 1 4294967295 0 0
0 1 1 4294967295 0 1
4 1 65535 4294967295 0 0
3 0 8323199 4294967295 0 1
1 1 65553 4294967295 0 1
4 1 2147483647 4294967295 0 0
4 1 2147483647 255 0 1
1 1 277 393707519 0 1
5 0 4294967295 2147483647 0 1
3 1 394231807 2147483647 0 1
2 1 18027315 65557 2 1
2 1 95 4294967295 0 1
2 1 17895697 4294967295 0 1
1 1 65559 65811 1 1
0 1 1 4294967295 0 1
0 1 1 1295 0 1
2 1 119 4294967295 0 1
1 1 65543 4294967295 0 1
4 1 2139095039 6015 0 1
4 1 2147483647 4294967295 0 1
3 1 8323327 4294967295 0 1
4 1 268435455 4294967295 0 1
2 1 1507423 4294967295 0 1
3 0 13107 50544447 1 1
5 0 4294967295 4294967295 0 1
3 1 394231807 4294967295 0 0
4 1 2147483647 17106703 0 1
4 1 872415231 18290559 0 1
2 1 51 65809 0 0
3 1 8323327 4294967295 0 1
4 1 2147483647 4294967295 0 1
3 1 394223615 393707519 0 1
2 1 783 4294967295 0 1
0 1 1 4294967295 0 1
5 0 4294967295 4294967295 0 1
0 1 1 4294967295 0 1
1 1 19 1 1 1
4 1 2147483647 1 1 1
3 1 394231679 18159487 0 1
0 1 1 4294967295 0 1
1 1 65799 393707519 0 1
4 1 1431655765 357924863 0 1
2 1 127 4294967295 0 1
5 0 4294967295 4294967295 0 1
4 0 2147483647 4294967295 0 1
4 1 252706815 4294967295 0 0
2 1 1114129 4294967295 0 1
4 1 1061158911 252645135 0 1
2 1 17106181 4294967295 0 1
1 1 259 4294967295 0 0
0 1 1 4294967295 0 0
0 1 1 2013265919 0 1
1 1 65543 4294967295 0 1
0 1 1 4294967295 0 1
3 1 360677375 4294967295 0 1
4 1 2147483647 4294967295 0 1
2 1 16975631 2147483647 0 1
1 1 65559 1 4 1
4 1 1610612735 4294967295 0 0
0 1 1 4294967295 0 1
5 0 4294967295 30583 0 1
3 1 987135 4294967295 0 0
0 1 1 4294967295 0 1
1 1 65795 983295 0 1
3 1 3855 16711935 0 0
1 1 65799 357913941 1 1
2 1 18159423 65815 0 1
0 1 1 273 4 1
4 1 2004353023 4294967295 0 1
0 1 1 4294967295 0 1
3 1 8323327 4294967295 0 1
0 1 1 4294967295 0 1
3 1 288568115 252645135 0 1
2 1 1381759 2139095039 0 1
5 0 4294967295 4294967295 0 1
5 0 4294967295 4294967295 0 1
5 0 4294967295 4294967295 0 1
2 1 819 4294967295 0 1
2 1 17106181 1061109567 0 1
1 1 65559 4294967295 0 1
3 1 322142207 4294967295 0 1
2 1 1376277 4294967295 0 1
1 1 279 394231807 0 1
4 1 2147483647 2147483647 0 0
3 0 13107 858993459 0 0
0 1 1 4294967295 0 1
1 1 65813 4294967295 0 1
0 1 1 4294967295 0 1
4 0 1431655765 65537 0 0
3 1 392126303 4294967295 0 1
4 1 268374015 4294967295 0 1
0 1 1 4294967295 0 1
3 1 394229759 65811 0 1
4 1 2147483647 4294967295 0 1
4 0 1431655765 5461 0 0
4 1 2147483647 1 0 1
4 1 2147483647 4294967295 0 1
2 1 1381759 1 1 1
2 1 5439 4294967295 0 1
5 0 4294967295 4294967295 0 1
5 0 4294967295 4294967295 0 1
4 0 252645135 84872975 0 1
4 0 1431655765 4294967295 0 1
0 1 1 2147483647 1 1
0 1 1 4294967295 0 1
1 1 275 4294967295 0 1
5 0 4294967295 2013265919 0 1
3 1 125794303 4294967295 0 0
2 1 1250175 263 0 1
0 1 1 65809 4 1
1 1 65539 4294967295 0 1
3 1 90136575 4294967295 0 1
0 1 1 4294967295 0 1
2 1 5461 1 1 1
4 1 2147483647 252645135 0 1
4 1 2147483647 4294967295 0 0
4 1 16711935 4294967295 0 1
5 0 4294967295 17895697 0 1
1 1 257 4294967295 0 1
0 1 1 4294967295 0 1
5 0 4294967295 4294967295 0 1
4 1 1073741823 4294967295 0 0
3 1 357913941 18027315 0 1
0 1 1 357913941 1 1
4 1 2147483647 4294967295 0 1
0 1 1 3 4 1
3 1 32767 4294967295 0 1
0 1 1 4294967295 0 1
4 1 2147483647 4294967295 0 1
0 1 1 1 2 1
2 1 18290559 50529027 0 1
4 1 2147483647 1807 0 1
0 1 1 4294967295 0 0
5 0 4294967295 4294967295 0 1
3 1 360677247 263 0 1
3 1 357908479 322122547 0 1
5 0 4294967295 65537 0 1
0 1 1 1442797055 1 1
0 1 1 2147483647 1 1
4 1 858993459 4294967295 0 1
0 1 1 257 4 1
5 0 4294967295 4294967295 0 1
2 1 16848663 50529027 0 1
1 1 257 1507455 1 1
1 1 5 18027283 1 1
2 1 460671 3 1 1
1 1 21 4294967295 0 1
4 1 1600085855 4294967295 0 1
3 1 286331153 4294967295 0 1
3 1 394231679 3342387 0 1
4 1 2147483647 16711935 0 1
0 1 1 4294967295 0 1
1 1 23 65813 0 1
4 1 1431655765 4294967295 0 1
5 0 4294967295 4369 0 1
4 1 872415231 4294967295 0 1
2 1 5983 259 2 1
1 1 261 4294967295 0 1
1 1 65799 4294967295 0 1
4 1 2139095039 4294967295 0 1
0 1 1 1 5 1
1 1 65543 4294967295 0 1
0 1 1 4294967295 0 1
4 1 2147483647 4294967295 0 1
5 0 4294967295 4294967295 0 1
1 1 19 4294967295 0 1
3 1 394231807 4294967295 0 1
4 1 2147450879 4294967295 0 1
1 1 261 2004353023 0 1
0 1 1 4294967295 0 1
0 1 1 4294967295 0 1
0 1 1 4294967295 0 1
5 0 4294967295 16847121 0 1
2 1 17237775 65793 0 1
0 1 1 4294967295 0 1
3 1 3355647 118425359 0 1
0 1 1 3342387 0 1
1 1 65539 4294967295 0 1
0 1 1 4294967295 0 1
4 1 2147483647 16711935 0 1
2 1 85 4294967295 0 1
0 1 1 4294967295 0 1
4 1 65535 4294967295 0 1
1 1 3 1 2 1
3 1 90136575 65799 0 1
2 1 18290047 65813 0 1
0 1 1 2147483647 0 1
1 1 65811 275 3 1
4 1 2147483647 18027315 0 1
2 1 4991 4294967295 0 0
1 1 65559 4294967295 0 1
1 1 65811 4294967295 0 1
0 1 1 65553 3 1
3 1 84215045 4294967295 0 1
2 1 5461 1114163 0 1
3 1 8323327 4294967295 0 1
1 1 65815 4294967295 0 0
5 0 4294967295 4294967295 0 1
0 1 1 4294967295 0 1
1 1 65553 4294967295 0 1
0 0 1 2147483647 0 1
4 1 1610612735 4294967295 0 1
4 0 858993459 360677375 0 0
0 1 1 4294967295 0 1
1 1 273 4294967295 0 1
3 1 288585727 1 2 1
5 0 4294967295 4294967295 0 1
5 0 4294967295 4294967295 0 1
0 1 1 4294967295 0 1
3 1 118427407 4294967295 0 0
3 1 118427407 65809 0 0
3 1 118456319 8323199 0 0
2 1 18027315 5570645 0 1
3 1 320025395 1 2 1
3 1 360677375 2147450879 0 1
0 1 1 4294967295 0 1
1 1 65795 4294967295 0 1
3 1 387415935 357913941 0 0
4 1 2139062143 4294967295 0 1
5 0 4294967295 1 0 1
3 1 32767 4294967295 0 1
3 1 84870415 4294967295 0 1
5 0 4294967295 1 0 1
0 1 1 1 2 1
2 1 1807 118427407 0 1
3 0 84215045 65813 0 1
1 1 277 4294967295 0 1
4 1 1061158911 2147483647 0 0
1 1 65799 4294967295 0 1
3 1 89481215 65553 0 1
1 1 65809 4294967295 0 1
5 0 4294967295 65797 0 1
5 0 4294967295 89478485 0 1
2 1 18026803 4294967295 0 0
0 1 1 4294967295 0 1
1 1 65539 4294967295 0 1
2 1 5503 4294967295 0 1
2 1 1807 357924863 0 1
0 1 1 4294967295 0 1
4 1 2147483647 4294967295 0 1
0 1 1 4294967295 0 1
0 1 1 6015 2 1
4 1 2013265919 288568115 0 1
3 1 286357367 2004318071 0 1
2 1 18290551 4294967295 0 1
4 1 2147483647 1118481 0 1
0 1 1 125767679 0 1
3 1 325025791 1 0 1
4 1 2013265919 4294967295 0 1
0 1 1 4294967295 0 1
1 1 65559 1431655765 0 1
4 1 2147483647 4294967295 0 1
2 1 1376341 259 2 1
2 1 119 4294967295 0 1
5 0 4294967295 23 0 1
4 1 1442797055 2139095039 0 1
2 1 1807 4294967295 0 1
2 1 831 4294967295 0 1
4 1 2147483647 197439 0 1
4 1 2147483647 18026803 0 1
2 1 17896789 23 2 1
0 1 1 4294967295 0 1
1 1 17 252645135 0 1
3 1 125796351 357924863 0 1
0 1 1 4294967295 0 1
1 1 279 4294967295 0 1
1 1 65793 4294967295 0 1
0 1 1 4294967295 0 1
2 1 1381759 4294967295 0 1
0 1 1 18159487 1 1
5 0 4294967295 4294967295 0 1
1 1 65797 18158933 1 1
0 1 1 89458005 1 1
3 1 32767 1 2 1
2 1 18026803 2147483647 0 1
4 1 2147483647 4294967295 0 0
3 1 32767 357913941 0 1
3 0 51331071 13311 0 1
5 0 4294967295 1 0 1
4 1 1073741823 4294967295 0 1
2 1 458767 4294967295 0 0
4 0 2147483647 4294967295 0 1
3 1 125796351 1600085855 0 1
1 1 65793 4294967295 0 1
3 1 392134655 18027315 0 1
2 1 17896243 4294967295 0 0
1 1 263 4294967295 0 1
0 1 1 394231807 0 1
5 0 4294967295 4294967295 0 1
1 1 17 4294967295 0 1
4 1 2139095039 125767679 0 1
3 1 387407711 1 1 1
1 1 279 4294967295 0 1
3 0 50529027 293024767 0 1
2 1 18028415 4294967295 0 1
